id,part,type,partition,name,startAddr,endAddr,programAlign,eraseAlign
1,"PIC24EP128GP202",3,0,"program",0,88064,4,2048
2,"PIC24EP128GP204",3,0,"program",0,88064,4,2048
3,"PIC24EP128GP206",3,0,"program",0,88064,4,2048
4,"PIC24EP128MC202",3,0,"program",0,88064,4,2048
5,"PIC24EP128MC204",3,0,"program",0,88064,4,2048
6,"PIC24EP128MC206",3,0,"program",0,88064,4,2048
7,"PIC24EP256GP202",3,0,"program",0,176128,4,2048
8,"PIC24EP256GP204",3,0,"program",0,176128,4,2048
9,"PIC24EP256GP206",3,0,"program",0,176128,4,2048
10,"PIC24EP256GU810",3,0,"program",0,176128,4,2048
11,"PIC24EP256GU810",3,0,"auxflash",8372224,8388608,4,2048
12,"PIC24EP256GU810",5,0,"FGS",16252932,16252948,2,2
13,"PIC24EP256GU814",3,0,"program",0,176128,4,2048
14,"PIC24EP256GU814",3,0,"auxflash",8372224,8388608,4,2048
15,"PIC24EP256GU814",5,0,"FGS",16252932,16252948,2,2
16,"PIC24EP256MC202",3,0,"program",0,176128,4,2048
17,"PIC24EP256MC204",3,0,"program",0,176128,4,2048
18,"PIC24EP256MC206",3,0,"program",0,176128,4,2048
19,"PIC24EP32GP202",3,0,"program",0,22528,4,1024
20,"PIC24EP32GP203",3,0,"program",0,22528,4,1024
21,"PIC24EP32GP204",3,0,"program",0,22528,4,1024
22,"PIC24EP32MC202",3,0,"program",0,22528,4,1024
23,"PIC24EP32MC203",3,0,"program",0,22528,4,1024
24,"PIC24EP32MC204",3,0,"program",0,22528,4,1024
25,"PIC24EP512GP202",3,0,"program",0,350208,4,2048
26,"PIC24EP512GP204",3,0,"program",0,350208,4,2048
27,"PIC24EP512GP206",3,0,"program",0,350208,4,2048
28,"PIC24EP512GP806",3,0,"program",0,350208,4,2048
29,"PIC24EP512GP806",3,0,"auxflash",8372224,8388608,4,2048
30,"PIC24EP512GP806",5,0,"FGS",16252932,16252948,2,2
31,"PIC24EP512GU810",3,0,"program",0,350208,4,2048
32,"PIC24EP512GU810",3,0,"auxflash",8372224,8388608,4,2048
33,"PIC24EP512GU810",5,0,"FGS",16252932,16252948,2,2
34,"PIC24EP512GU814",3,0,"program",0,350208,4,2048
35,"PIC24EP512GU814",3,0,"auxflash",8372224,8388608,4,2048
36,"PIC24EP512GU814",5,0,"FGS",16252932,16252948,2,2
37,"PIC24EP512MC202",3,0,"program",0,350208,4,2048
38,"PIC24EP512MC204",3,0,"program",0,350208,4,2048
39,"PIC24EP512MC206",3,0,"program",0,350208,4,2048
40,"PIC24EP64GP202",3,0,"program",0,45056,4,2048
41,"PIC24EP64GP203",3,0,"program",0,45056,4,2048
42,"PIC24EP64GP204",3,0,"program",0,45056,4,2048
43,"PIC24EP64GP206",3,0,"program",0,45056,4,2048
44,"PIC24EP64MC202",3,0,"program",0,45056,4,2048
45,"PIC24EP64MC203",3,0,"program",0,45056,4,2048
46,"PIC24EP64MC204",3,0,"program",0,45056,4,2048
47,"PIC24EP64MC206",3,0,"program",0,45056,4,2048
48,"PIC24F04KA200",3,0,"program",512,2816,64,64
49,"PIC24F04KA200",5,0,"FBS",16252928,16252930,2,2
50,"PIC24F04KA200",5,0,"FGS",16252932,16252946,2,2
51,"PIC24F04KA201",3,0,"program",512,2816,64,64
52,"PIC24F04KA201",5,0,"FBS",16252928,16252930,2,2
53,"PIC24F04KA201",5,0,"FGS",16252932,16252946,2,2
54,"PIC24F04KL100",3,0,"program",512,2816,64,64
55,"PIC24F04KL100",5,0,"FBS",16252928,16252930,2,2
56,"PIC24F04KL100",5,0,"FGS",16252932,16252944,2,2
57,"PIC24F04KL101",3,0,"program",512,2816,64,64
58,"PIC24F04KL101",5,0,"FBS",16252928,16252930,2,2
59,"PIC24F04KL101",5,0,"FGS",16252932,16252944,2,2
60,"PIC24F08KA101",3,0,"program",512,5632,64,64
62,"PIC24F08KA101",5,0,"FBS",16252928,16252930,2,2
63,"PIC24F08KA101",5,0,"FGS",16252932,16252946,2,2
61,"PIC24F08KA101",6,0,"eedata",8388096,8388608,2,64
64,"PIC24F08KA102",3,0,"program",512,5632,64,64
66,"PIC24F08KA102",5,0,"FBS",16252928,16252930,2,2
67,"PIC24F08KA102",5,0,"FGS",16252932,16252946,2,2
65,"PIC24F08KA102",6,0,"eedata",8388096,8388608,2,64
68,"PIC24F08KL200",3,0,"program",512,5632,64,64
69,"PIC24F08KL200",5,0,"FBS",16252928,16252930,2,2
70,"PIC24F08KL200",5,0,"FGS",16252932,16252944,2,2
71,"PIC24F08KL201",3,0,"program",512,5632,64,64
72,"PIC24F08KL201",5,0,"FBS",16252928,16252930,2,2
73,"PIC24F08KL201",5,0,"FGS",16252932,16252944,2,2
74,"PIC24F08KL301",3,0,"program",512,5632,64,64
76,"PIC24F08KL301",5,0,"FBS",16252928,16252930,2,2
77,"PIC24F08KL301",5,0,"FGS",16252932,16252944,2,2
75,"PIC24F08KL301",6,0,"eedata",8388352,8388608,2,64
78,"PIC24F08KL302",3,0,"program",512,5632,64,64
80,"PIC24F08KL302",5,0,"FBS",16252928,16252930,2,2
81,"PIC24F08KL302",5,0,"FGS",16252932,16252944,2,2
79,"PIC24F08KL302",6,0,"eedata",8388352,8388608,2,64
82,"PIC24F08KL401",3,0,"program",512,5632,64,64
84,"PIC24F08KL401",5,0,"FBS",16252928,16252930,2,2
85,"PIC24F08KL401",5,0,"FGS",16252932,16252944,2,2
83,"PIC24F08KL401",6,0,"eedata",8388096,8388608,2,64
86,"PIC24F08KL402",3,0,"program",512,5632,64,64
88,"PIC24F08KL402",5,0,"FBS",16252928,16252930,2,2
89,"PIC24F08KL402",5,0,"FGS",16252932,16252944,2,2
87,"PIC24F08KL402",6,0,"eedata",8388096,8388608,2,64
90,"PIC24F08KM101",3,0,"program",512,5632,64,64
92,"PIC24F08KM101",5,0,"FBS",16252928,16252930,2,2
93,"PIC24F08KM101",5,0,"FGS",16252932,16252944,2,2
91,"PIC24F08KM101",6,0,"eedata",8388096,8388608,2,64
94,"PIC24F08KM102",3,0,"program",512,5632,64,64
96,"PIC24F08KM102",5,0,"FBS",16252928,16252930,2,2
97,"PIC24F08KM102",5,0,"FGS",16252932,16252944,2,2
95,"PIC24F08KM102",6,0,"eedata",8388096,8388608,2,64
98,"PIC24F08KM202",3,0,"program",512,5632,64,64
100,"PIC24F08KM202",5,0,"FBS",16252928,16252930,2,2
101,"PIC24F08KM202",5,0,"FGS",16252932,16252944,2,2
99,"PIC24F08KM202",6,0,"eedata",8388096,8388608,2,64
102,"PIC24F08KM204",3,0,"program",512,5632,64,64
104,"PIC24F08KM204",5,0,"FBS",16252928,16252930,2,2
105,"PIC24F08KM204",5,0,"FGS",16252932,16252944,2,2
103,"PIC24F08KM204",6,0,"eedata",8388096,8388608,2,64
106,"PIC24F16KA101",3,0,"program",512,11264,64,64
108,"PIC24F16KA101",5,0,"FBS",16252928,16252930,2,2
109,"PIC24F16KA101",5,0,"FGS",16252932,16252946,2,2
107,"PIC24F16KA101",6,0,"eedata",8388096,8388608,2,64
110,"PIC24F16KA102",3,0,"program",512,11264,64,64
112,"PIC24F16KA102",5,0,"FBS",16252928,16252930,2,2
113,"PIC24F16KA102",5,0,"FGS",16252932,16252946,2,2
111,"PIC24F16KA102",6,0,"eedata",8388096,8388608,2,64
114,"PIC24F16KA301",3,0,"program",512,11264,64,64
116,"PIC24F16KA301",5,0,"FBS",16252928,16252930,2,2
117,"PIC24F16KA301",5,0,"FGS",16252932,16252946,2,2
115,"PIC24F16KA301",6,0,"eedata",8388096,8388608,2,64
118,"PIC24F16KA302",3,0,"program",512,11264,64,64
120,"PIC24F16KA302",5,0,"FBS",16252928,16252930,2,2
121,"PIC24F16KA302",5,0,"FGS",16252932,16252946,2,2
119,"PIC24F16KA302",6,0,"eedata",8388096,8388608,2,64
122,"PIC24F16KA304",3,0,"program",512,11264,64,64
124,"PIC24F16KA304",5,0,"FBS",16252928,16252930,2,2
125,"PIC24F16KA304",5,0,"FGS",16252932,16252946,2,2
123,"PIC24F16KA304",6,0,"eedata",8388096,8388608,2,64
126,"PIC24F16KL401",3,0,"program",512,11264,64,64
128,"PIC24F16KL401",5,0,"FBS",16252928,16252930,2,2
129,"PIC24F16KL401",5,0,"FGS",16252932,16252944,2,2
127,"PIC24F16KL401",6,0,"eedata",8388096,8388608,2,64
130,"PIC24F16KL402",3,0,"program",512,11264,64,64
132,"PIC24F16KL402",5,0,"FBS",16252928,16252930,2,2
133,"PIC24F16KL402",5,0,"FGS",16252932,16252944,2,2
131,"PIC24F16KL402",6,0,"eedata",8388096,8388608,2,64
134,"PIC24F16KM102",3,0,"program",512,11264,64,64
136,"PIC24F16KM102",5,0,"FBS",16252928,16252930,2,2
137,"PIC24F16KM102",5,0,"FGS",16252932,16252944,2,2
135,"PIC24F16KM102",6,0,"eedata",8388096,8388608,2,64
138,"PIC24F16KM104",3,0,"program",512,11264,64,64
140,"PIC24F16KM104",5,0,"FBS",16252928,16252930,2,2
141,"PIC24F16KM104",5,0,"FGS",16252932,16252944,2,2
139,"PIC24F16KM104",6,0,"eedata",8388096,8388608,2,64
142,"PIC24F16KM202",3,0,"program",512,11264,64,64
144,"PIC24F16KM202",5,0,"FBS",16252928,16252930,2,2
145,"PIC24F16KM202",5,0,"FGS",16252932,16252944,2,2
143,"PIC24F16KM202",6,0,"eedata",8388096,8388608,2,64
146,"PIC24F16KM204",3,0,"program",512,11264,64,64
148,"PIC24F16KM204",5,0,"FBS",16252928,16252930,2,2
149,"PIC24F16KM204",5,0,"FGS",16252932,16252944,2,2
147,"PIC24F16KM204",6,0,"eedata",8388096,8388608,2,64
150,"PIC24F32KA301",3,0,"program",512,22528,64,64
152,"PIC24F32KA301",5,0,"FBS",16252928,16252930,2,2
153,"PIC24F32KA301",5,0,"FGS",16252932,16252946,2,2
151,"PIC24F32KA301",6,0,"eedata",8388096,8388608,2,64
154,"PIC24F32KA302",3,0,"program",512,22528,64,64
156,"PIC24F32KA302",5,0,"FBS",16252928,16252930,2,2
157,"PIC24F32KA302",5,0,"FGS",16252932,16252946,2,2
155,"PIC24F32KA302",6,0,"eedata",8388096,8388608,2,64
158,"PIC24F32KA304",3,0,"program",512,22528,64,64
160,"PIC24F32KA304",5,0,"FBS",16252928,16252930,2,2
161,"PIC24F32KA304",5,0,"FGS",16252932,16252946,2,2
159,"PIC24F32KA304",6,0,"eedata",8388096,8388608,2,64
162,"PIC24FJ1024GA606",3,0,"program",0,704512,4,2048
165,"PIC24FJ1024GA606",4,0,"bootcfg",8394752,8394756,4,2048
164,"PIC24FJ1024GA606",7,0,"customerotp",8394496,8394752,4,0
163,"PIC24FJ1024GA606",3,2,"program",4194304,4546560,4,2048
166,"PIC24FJ1024GA610",3,0,"program",0,704512,4,2048
169,"PIC24FJ1024GA610",4,0,"bootcfg",8394752,8394756,4,2048
168,"PIC24FJ1024GA610",7,0,"customerotp",8394496,8394752,4,0
167,"PIC24FJ1024GA610",3,2,"program",4194304,4546560,4,2048
170,"PIC24FJ1024GB606",3,0,"program",0,704512,4,2048
173,"PIC24FJ1024GB606",4,0,"bootcfg",8394752,8394756,4,2048
172,"PIC24FJ1024GB606",7,0,"customerotp",8394496,8394752,4,0
171,"PIC24FJ1024GB606",3,2,"program",4194304,4546560,4,2048
174,"PIC24FJ1024GB610",3,0,"program",0,704512,4,2048
177,"PIC24FJ1024GB610",4,0,"bootcfg",8394752,8394756,4,2048
176,"PIC24FJ1024GB610",7,0,"customerotp",8394496,8394752,4,0
175,"PIC24FJ1024GB610",3,2,"program",4194304,4546560,4,2048
178,"PIC24FJ128DA106",3,0,"program",0,88064,2,1024
179,"PIC24FJ128DA110",3,0,"program",0,88064,2,1024
180,"PIC24FJ128DA206",3,0,"program",0,88064,2,1024
181,"PIC24FJ128DA210",3,0,"program",0,88064,2,1024
182,"PIC24FJ128GA006",3,0,"program",0,88064,2,1024
183,"PIC24FJ128GA008",3,0,"program",0,88064,2,1024
184,"PIC24FJ128GA010",3,0,"program",0,88064,2,1024
185,"PIC24FJ128GA106",3,0,"program",0,88064,2,1024
186,"PIC24FJ128GA108",3,0,"program",0,88064,2,1024
187,"PIC24FJ128GA110",3,0,"program",0,88064,2,1024
188,"PIC24FJ128GA202",3,0,"program",0,88064,2,1024
189,"PIC24FJ128GA204",3,0,"program",0,88064,2,1024
190,"PIC24FJ128GA306",3,0,"program",0,88064,2,1024
191,"PIC24FJ128GA308",3,0,"program",0,88064,2,1024
192,"PIC24FJ128GA310",3,0,"program",0,88064,2,1024
193,"PIC24FJ128GA406",3,0,"program",0,88064,4,1024
196,"PIC24FJ128GA406",4,0,"bootcfg",8394752,8394756,4,1024
195,"PIC24FJ128GA406",7,0,"customerotp",8393600,8393728,4,0
194,"PIC24FJ128GA406",3,2,"program",4194304,4238336,4,1024
197,"PIC24FJ128GA410",3,0,"program",0,88064,4,1024
200,"PIC24FJ128GA410",4,0,"bootcfg",8394752,8394756,4,1024
199,"PIC24FJ128GA410",7,0,"customerotp",8393600,8393728,4,0
198,"PIC24FJ128GA410",3,2,"program",4194304,4238336,4,1024
201,"PIC24FJ128GA412",3,0,"program",0,88064,4,1024
204,"PIC24FJ128GA412",4,0,"bootcfg",8394752,8394756,4,1024
203,"PIC24FJ128GA412",7,0,"customerotp",8393600,8393728,4,0
202,"PIC24FJ128GA412",3,2,"program",4194304,4238336,4,1024
205,"PIC24FJ128GA606",3,0,"program",0,90112,4,2048
208,"PIC24FJ128GA606",4,0,"bootcfg",8394752,8394756,4,2048
207,"PIC24FJ128GA606",7,0,"customerotp",8394496,8394752,4,0
206,"PIC24FJ128GA606",3,2,"program",4194304,4239360,4,2048
209,"PIC24FJ128GA610",3,0,"program",0,90112,4,2048
212,"PIC24FJ128GA610",4,0,"bootcfg",8394752,8394756,4,2048
211,"PIC24FJ128GA610",7,0,"customerotp",8394496,8394752,4,0
210,"PIC24FJ128GA610",3,2,"program",4194304,4239360,4,2048
213,"PIC24FJ128GA702",3,0,"program",0,90112,4,2048
214,"PIC24FJ128GA702",7,0,"customerotp",8394496,8394752,4,0
215,"PIC24FJ128GA704",3,0,"program",0,90112,4,2048
216,"PIC24FJ128GA704",7,0,"customerotp",8394496,8394752,4,0
217,"PIC24FJ128GA705",3,0,"program",0,90112,4,2048
218,"PIC24FJ128GA705",7,0,"customerotp",8394496,8394752,4,0
219,"PIC24FJ128GB106",3,0,"program",0,88064,2,1024
220,"PIC24FJ128GB108",3,0,"program",0,88064,2,1024
221,"PIC24FJ128GB110",3,0,"program",0,88064,2,1024
222,"PIC24FJ128GB202",3,0,"program",0,88064,2,1024
223,"PIC24FJ128GB204",3,0,"program",0,88064,2,1024
224,"PIC24FJ128GB206",3,0,"program",0,88064,2,1024
225,"PIC24FJ128GB210",3,0,"program",0,88064,2,1024
226,"PIC24FJ128GB406",3,0,"program",0,88064,4,1024
229,"PIC24FJ128GB406",4,0,"bootcfg",8394752,8394756,4,1024
228,"PIC24FJ128GB406",7,0,"customerotp",8393600,8393728,4,0
227,"PIC24FJ128GB406",3,2,"program",4194304,4238336,4,1024
230,"PIC24FJ128GB410",3,0,"program",0,88064,4,1024
233,"PIC24FJ128GB410",4,0,"bootcfg",8394752,8394756,4,1024
232,"PIC24FJ128GB410",7,0,"customerotp",8393600,8393728,4,0
231,"PIC24FJ128GB410",3,2,"program",4194304,4238336,4,1024
234,"PIC24FJ128GB412",3,0,"program",0,88064,4,1024
237,"PIC24FJ128GB412",4,0,"bootcfg",8394752,8394756,4,1024
236,"PIC24FJ128GB412",7,0,"customerotp",8393600,8393728,4,0
235,"PIC24FJ128GB412",3,2,"program",4194304,4238336,4,1024
238,"PIC24FJ128GB606",3,0,"program",0,90112,4,2048
241,"PIC24FJ128GB606",4,0,"bootcfg",8394752,8394756,4,2048
240,"PIC24FJ128GB606",7,0,"customerotp",8394496,8394752,4,0
239,"PIC24FJ128GB606",3,2,"program",4194304,4239360,4,2048
242,"PIC24FJ128GB610",3,0,"program",0,90112,4,2048
245,"PIC24FJ128GB610",4,0,"bootcfg",8394752,8394756,4,2048
244,"PIC24FJ128GB610",7,0,"customerotp",8394496,8394752,4,0
243,"PIC24FJ128GB610",3,2,"program",4194304,4239360,4,2048
246,"PIC24FJ128GC006",3,0,"program",0,88064,2,1024
247,"PIC24FJ128GC010",3,0,"program",0,88064,2,1024
248,"PIC24FJ16GA002",3,0,"program",0,11264,2,1024
249,"PIC24FJ16GA004",3,0,"program",0,11264,2,1024
250,"PIC24FJ16MC101",3,0,"program",0,11264,2,1024
251,"PIC24FJ16MC102",3,0,"program",0,11264,2,1024
252,"PIC24FJ192GA106",3,0,"program",0,134144,2,1024
253,"PIC24FJ192GA108",3,0,"program",0,134144,2,1024
254,"PIC24FJ192GA110",3,0,"program",0,134144,2,1024
255,"PIC24FJ192GB106",3,0,"program",0,134144,2,1024
256,"PIC24FJ192GB108",3,0,"program",0,134144,2,1024
257,"PIC24FJ192GB110",3,0,"program",0,134144,2,1024
258,"PIC24FJ256DA106",3,0,"program",0,175104,2,1024
259,"PIC24FJ256DA110",3,0,"program",0,175104,2,1024
260,"PIC24FJ256DA206",3,0,"program",0,175104,2,1024
261,"PIC24FJ256DA210",3,0,"program",0,175104,2,1024
262,"PIC24FJ256GA106",3,0,"program",0,175104,2,1024
263,"PIC24FJ256GA108",3,0,"program",0,175104,2,1024
264,"PIC24FJ256GA110",3,0,"program",0,175104,2,1024
265,"PIC24FJ256GA406",3,0,"program",0,176128,4,1024
268,"PIC24FJ256GA406",4,0,"bootcfg",8394752,8394756,4,1024
267,"PIC24FJ256GA406",7,0,"customerotp",8393600,8393728,4,0
266,"PIC24FJ256GA406",3,2,"program",4194304,4282368,4,1024
269,"PIC24FJ256GA410",3,0,"program",0,176128,4,1024
272,"PIC24FJ256GA410",4,0,"bootcfg",8394752,8394756,4,1024
271,"PIC24FJ256GA410",7,0,"customerotp",8393600,8393728,4,0
270,"PIC24FJ256GA410",3,2,"program",4194304,4282368,4,1024
273,"PIC24FJ256GA412",3,0,"program",0,176128,4,1024
276,"PIC24FJ256GA412",4,0,"bootcfg",8394752,8394756,4,1024
275,"PIC24FJ256GA412",7,0,"customerotp",8393600,8393728,4,0
274,"PIC24FJ256GA412",3,2,"program",4194304,4282368,4,1024
277,"PIC24FJ256GA606",3,0,"program",0,176128,4,2048
280,"PIC24FJ256GA606",4,0,"bootcfg",8394752,8394756,4,2048
279,"PIC24FJ256GA606",7,0,"customerotp",8394496,8394752,4,0
278,"PIC24FJ256GA606",3,2,"program",4194304,4282368,4,2048
281,"PIC24FJ256GA610",3,0,"program",0,176128,4,2048
284,"PIC24FJ256GA610",4,0,"bootcfg",8394752,8394756,4,2048
283,"PIC24FJ256GA610",7,0,"customerotp",8394496,8394752,4,0
282,"PIC24FJ256GA610",3,2,"program",4194304,4282368,4,2048
285,"PIC24FJ256GA702",3,0,"program",0,176128,4,2048
286,"PIC24FJ256GA702",7,0,"customerotp",8394496,8394752,4,0
287,"PIC24FJ256GA704",3,0,"program",0,176128,4,2048
288,"PIC24FJ256GA704",7,0,"customerotp",8394496,8394752,4,0
289,"PIC24FJ256GA705",3,0,"program",0,176128,4,2048
290,"PIC24FJ256GA705",7,0,"customerotp",8394496,8394752,4,0
291,"PIC24FJ256GB106",3,0,"program",0,175104,2,1024
292,"PIC24FJ256GB108",3,0,"program",0,175104,2,1024
293,"PIC24FJ256GB110",3,0,"program",0,175104,2,1024
294,"PIC24FJ256GB206",3,0,"program",0,175104,2,1024
295,"PIC24FJ256GB210",3,0,"program",0,175104,2,1024
296,"PIC24FJ256GB406",3,0,"program",0,176128,4,1024
299,"PIC24FJ256GB406",4,0,"bootcfg",8394752,8394756,4,1024
298,"PIC24FJ256GB406",7,0,"customerotp",8393600,8393728,4,0
297,"PIC24FJ256GB406",3,2,"program",4194304,4282368,4,1024
300,"PIC24FJ256GB410",3,0,"program",0,176128,4,1024
303,"PIC24FJ256GB410",4,0,"bootcfg",8394752,8394756,4,1024
302,"PIC24FJ256GB410",7,0,"customerotp",8393600,8393728,4,0
301,"PIC24FJ256GB410",3,2,"program",4194304,4282368,4,1024
304,"PIC24FJ256GB412",3,0,"program",0,176128,4,1024
307,"PIC24FJ256GB412",4,0,"bootcfg",8394752,8394756,4,1024
306,"PIC24FJ256GB412",7,0,"customerotp",8393600,8393728,4,0
305,"PIC24FJ256GB412",3,2,"program",4194304,4282368,4,1024
308,"PIC24FJ256GB606",3,0,"program",0,176128,4,2048
311,"PIC24FJ256GB606",4,0,"bootcfg",8394752,8394756,4,2048
310,"PIC24FJ256GB606",7,0,"customerotp",8394496,8394752,4,0
309,"PIC24FJ256GB606",3,2,"program",4194304,4282368,4,2048
312,"PIC24FJ256GB610",3,0,"program",0,176128,4,2048
315,"PIC24FJ256GB610",4,0,"bootcfg",8394752,8394756,4,2048
314,"PIC24FJ256GB610",7,0,"customerotp",8394496,8394752,4,0
313,"PIC24FJ256GB610",3,2,"program",4194304,4282368,4,2048
316,"PIC24FJ32GA002",3,0,"program",0,22528,2,1024
317,"PIC24FJ32GA004",3,0,"program",0,22528,2,1024
318,"PIC24FJ32GA102",3,0,"program",0,22528,2,1024
319,"PIC24FJ32GA104",3,0,"program",0,22528,2,1024
320,"PIC24FJ32GB002",3,0,"program",0,22528,2,1024
321,"PIC24FJ32GB004",3,0,"program",0,22528,2,1024
322,"PIC24FJ32MC101",3,0,"program",0,22528,2,1024
323,"PIC24FJ32MC102",3,0,"program",0,22528,2,1024
324,"PIC24FJ32MC104",3,0,"program",0,22528,2,1024
325,"PIC24FJ48GA002",3,0,"program",0,33792,2,1024
326,"PIC24FJ48GA004",3,0,"program",0,33792,2,1024
327,"PIC24FJ512GA606",3,0,"program",0,352256,4,2048
330,"PIC24FJ512GA606",4,0,"bootcfg",8394752,8394756,4,2048
329,"PIC24FJ512GA606",7,0,"customerotp",8394496,8394752,4,0
328,"PIC24FJ512GA606",3,2,"program",4194304,4370432,4,2048
331,"PIC24FJ512GA610",3,0,"program",0,352256,4,2048
334,"PIC24FJ512GA610",4,0,"bootcfg",8394752,8394756,4,2048
333,"PIC24FJ512GA610",7,0,"customerotp",8394496,8394752,4,0
332,"PIC24FJ512GA610",3,2,"program",4194304,4370432,4,2048
335,"PIC24FJ512GB606",3,0,"program",0,352256,4,2048
338,"PIC24FJ512GB606",4,0,"bootcfg",8394752,8394756,4,2048
337,"PIC24FJ512GB606",7,0,"customerotp",8394496,8394752,4,0
336,"PIC24FJ512GB606",3,2,"program",4194304,4370432,4,2048
339,"PIC24FJ512GB610",3,0,"program",0,352256,4,2048
342,"PIC24FJ512GB610",4,0,"bootcfg",8394752,8394756,4,2048
341,"PIC24FJ512GB610",7,0,"customerotp",8394496,8394752,4,0
340,"PIC24FJ512GB610",3,2,"program",4194304,4370432,4,2048
343,"PIC24FJ64GA002",3,0,"program",0,44032,2,1024
344,"PIC24FJ64GA004",3,0,"program",0,44032,2,1024
345,"PIC24FJ64GA006",3,0,"program",0,44032,2,1024
346,"PIC24FJ64GA008",3,0,"program",0,44032,2,1024
347,"PIC24FJ64GA010",3,0,"program",0,44032,2,1024
348,"PIC24FJ64GA102",3,0,"program",0,44032,2,1024
349,"PIC24FJ64GA104",3,0,"program",0,44032,2,1024
350,"PIC24FJ64GA106",3,0,"program",0,44032,2,1024
351,"PIC24FJ64GA108",3,0,"program",0,44032,2,1024
352,"PIC24FJ64GA110",3,0,"program",0,44032,2,1024
353,"PIC24FJ64GA202",3,0,"program",0,44032,2,1024
354,"PIC24FJ64GA204",3,0,"program",0,44032,2,1024
355,"PIC24FJ64GA306",3,0,"program",0,44032,2,1024
356,"PIC24FJ64GA308",3,0,"program",0,44032,2,1024
357,"PIC24FJ64GA310",3,0,"program",0,44032,2,1024
358,"PIC24FJ64GA406",3,0,"program",0,45056,4,1024
361,"PIC24FJ64GA406",4,0,"bootcfg",8394752,8394756,4,1024
360,"PIC24FJ64GA406",7,0,"customerotp",8393600,8393728,4,0
359,"PIC24FJ64GA406",3,2,"program",4194304,4216832,4,1024
362,"PIC24FJ64GA410",3,0,"program",0,45056,4,1024
365,"PIC24FJ64GA410",4,0,"bootcfg",8394752,8394756,4,1024
364,"PIC24FJ64GA410",7,0,"customerotp",8393600,8393728,4,0
363,"PIC24FJ64GA410",3,2,"program",4194304,4216832,4,1024
366,"PIC24FJ64GA412",3,0,"program",0,45056,4,1024
369,"PIC24FJ64GA412",4,0,"bootcfg",8394752,8394756,4,1024
368,"PIC24FJ64GA412",7,0,"customerotp",8393600,8393728,4,0
367,"PIC24FJ64GA412",3,2,"program",4194304,4216832,4,1024
370,"PIC24FJ64GA702",3,0,"program",0,45056,4,2048
371,"PIC24FJ64GA702",7,0,"customerotp",8394496,8394752,4,0
372,"PIC24FJ64GA704",3,0,"program",0,45056,4,2048
373,"PIC24FJ64GA704",7,0,"customerotp",8394496,8394752,4,0
374,"PIC24FJ64GA705",3,0,"program",0,45056,4,2048
375,"PIC24FJ64GA705",7,0,"customerotp",8394496,8394752,4,0
376,"PIC24FJ64GB002",3,0,"program",0,44032,2,1024
377,"PIC24FJ64GB004",3,0,"program",0,44032,2,1024
378,"PIC24FJ64GB106",3,0,"program",0,44032,2,1024
379,"PIC24FJ64GB108",3,0,"program",0,44032,2,1024
380,"PIC24FJ64GB110",3,0,"program",0,44032,2,1024
381,"PIC24FJ64GB202",3,0,"program",0,44032,2,1024
382,"PIC24FJ64GB204",3,0,"program",0,44032,2,1024
383,"PIC24FJ64GB406",3,0,"program",0,45056,4,1024
386,"PIC24FJ64GB406",4,0,"bootcfg",8394752,8394756,4,1024
385,"PIC24FJ64GB406",7,0,"customerotp",8393600,8393728,4,0
384,"PIC24FJ64GB406",3,2,"program",4194304,4216832,4,1024
387,"PIC24FJ64GB410",3,0,"program",0,45056,4,1024
390,"PIC24FJ64GB410",4,0,"bootcfg",8394752,8394756,4,1024
389,"PIC24FJ64GB410",7,0,"customerotp",8393600,8393728,4,0
388,"PIC24FJ64GB410",3,2,"program",4194304,4216832,4,1024
391,"PIC24FJ64GB412",3,0,"program",0,45056,4,1024
394,"PIC24FJ64GB412",4,0,"bootcfg",8394752,8394756,4,1024
393,"PIC24FJ64GB412",7,0,"customerotp",8393600,8393728,4,0
392,"PIC24FJ64GB412",3,2,"program",4194304,4216832,4,1024
395,"PIC24FJ64GC006",3,0,"program",0,44032,2,1024
396,"PIC24FJ64GC010",3,0,"program",0,44032,2,1024
397,"PIC24FJ96GA006",3,0,"program",0,65536,2,1024
398,"PIC24FJ96GA008",3,0,"program",0,65536,2,1024
399,"PIC24FJ96GA010",3,0,"program",0,65536,2,1024
400,"PIC24FV08KM101",3,0,"program",512,5632,64,64
402,"PIC24FV08KM101",5,0,"FBS",16252928,16252930,2,2
403,"PIC24FV08KM101",5,0,"FGS",16252932,16252944,2,2
401,"PIC24FV08KM101",6,0,"eedata",8388096,8388608,2,64
404,"PIC24FV08KM102",3,0,"program",512,5632,64,64
406,"PIC24FV08KM102",5,0,"FBS",16252928,16252930,2,2
407,"PIC24FV08KM102",5,0,"FGS",16252932,16252944,2,2
405,"PIC24FV08KM102",6,0,"eedata",8388096,8388608,2,64
408,"PIC24FV08KM202",3,0,"program",512,5632,64,64
410,"PIC24FV08KM202",5,0,"FBS",16252928,16252930,2,2
411,"PIC24FV08KM202",5,0,"FGS",16252932,16252944,2,2
409,"PIC24FV08KM202",6,0,"eedata",8388096,8388608,2,64
412,"PIC24FV08KM204",3,0,"program",512,5632,64,64
414,"PIC24FV08KM204",5,0,"FBS",16252928,16252930,2,2
415,"PIC24FV08KM204",5,0,"FGS",16252932,16252944,2,2
413,"PIC24FV08KM204",6,0,"eedata",8388096,8388608,2,64
416,"PIC24FV16KA301",3,0,"program",512,11264,64,64
418,"PIC24FV16KA301",5,0,"FBS",16252928,16252930,2,2
419,"PIC24FV16KA301",5,0,"FGS",16252932,16252946,2,2
417,"PIC24FV16KA301",6,0,"eedata",8388096,8388608,2,64
420,"PIC24FV16KA302",3,0,"program",512,11264,64,64
422,"PIC24FV16KA302",5,0,"FBS",16252928,16252930,2,2
423,"PIC24FV16KA302",5,0,"FGS",16252932,16252946,2,2
421,"PIC24FV16KA302",6,0,"eedata",8388096,8388608,2,64
424,"PIC24FV16KA304",3,0,"program",512,11264,64,64
426,"PIC24FV16KA304",5,0,"FBS",16252928,16252930,2,2
427,"PIC24FV16KA304",5,0,"FGS",16252932,16252946,2,2
425,"PIC24FV16KA304",6,0,"eedata",8388096,8388608,2,64
428,"PIC24FV16KM102",3,0,"program",512,11264,64,64
430,"PIC24FV16KM102",5,0,"FBS",16252928,16252930,2,2
431,"PIC24FV16KM102",5,0,"FGS",16252932,16252944,2,2
429,"PIC24FV16KM102",6,0,"eedata",8388096,8388608,2,64
432,"PIC24FV16KM104",3,0,"program",512,11264,64,64
434,"PIC24FV16KM104",5,0,"FBS",16252928,16252930,2,2
435,"PIC24FV16KM104",5,0,"FGS",16252932,16252944,2,2
433,"PIC24FV16KM104",6,0,"eedata",8388096,8388608,2,64
436,"PIC24FV16KM202",3,0,"program",512,11264,64,64
438,"PIC24FV16KM202",5,0,"FBS",16252928,16252930,2,2
439,"PIC24FV16KM202",5,0,"FGS",16252932,16252944,2,2
437,"PIC24FV16KM202",6,0,"eedata",8388096,8388608,2,64
440,"PIC24FV16KM204",3,0,"program",512,11264,64,64
442,"PIC24FV16KM204",5,0,"FBS",16252928,16252930,2,2
443,"PIC24FV16KM204",5,0,"FGS",16252932,16252944,2,2
441,"PIC24FV16KM204",6,0,"eedata",8388096,8388608,2,64
444,"PIC24FV32KA301",3,0,"program",512,22528,64,64
446,"PIC24FV32KA301",5,0,"FBS",16252928,16252930,2,2
447,"PIC24FV32KA301",5,0,"FGS",16252932,16252946,2,2
445,"PIC24FV32KA301",6,0,"eedata",8388096,8388608,2,64
448,"PIC24FV32KA302",3,0,"program",512,22528,64,64
450,"PIC24FV32KA302",5,0,"FBS",16252928,16252930,2,2
451,"PIC24FV32KA302",5,0,"FGS",16252932,16252946,2,2
449,"PIC24FV32KA302",6,0,"eedata",8388096,8388608,2,64
452,"PIC24FV32KA304",3,0,"program",512,22528,64,64
454,"PIC24FV32KA304",5,0,"FBS",16252928,16252930,2,2
455,"PIC24FV32KA304",5,0,"FGS",16252932,16252946,2,2
453,"PIC24FV32KA304",6,0,"eedata",8388096,8388608,2,64
456,"PIC24HJ128GP202",3,0,"program",0,88064,2,1024
457,"PIC24HJ128GP202",5,0,"FBS",16252928,16252952,2,2
458,"PIC24HJ128GP204",3,0,"program",0,88064,2,1024
459,"PIC24HJ128GP204",5,0,"FBS",16252928,16252952,2,2
460,"PIC24HJ128GP206",3,0,"program",0,88064,2,1024
461,"PIC24HJ128GP206",5,0,"FBS",16252928,16252952,2,2
462,"PIC24HJ128GP206A",3,0,"program",0,88064,2,1024
463,"PIC24HJ128GP206A",5,0,"FBS",16252928,16252952,2,2
464,"PIC24HJ128GP210",3,0,"program",0,88064,2,1024
465,"PIC24HJ128GP210",5,0,"FBS",16252928,16252952,2,2
466,"PIC24HJ128GP210A",3,0,"program",0,88064,2,1024
467,"PIC24HJ128GP210A",5,0,"FBS",16252928,16252952,2,2
468,"PIC24HJ128GP306",3,0,"program",0,88064,2,1024
469,"PIC24HJ128GP306",5,0,"FBS",16252928,16252952,2,2
470,"PIC24HJ128GP306A",3,0,"program",0,88064,2,1024
471,"PIC24HJ128GP306A",5,0,"FBS",16252928,16252952,2,2
472,"PIC24HJ128GP310",3,0,"program",0,88064,2,1024
473,"PIC24HJ128GP310",5,0,"FBS",16252928,16252952,2,2
474,"PIC24HJ128GP310A",3,0,"program",0,88064,2,1024
475,"PIC24HJ128GP310A",5,0,"FBS",16252928,16252952,2,2
476,"PIC24HJ128GP502",3,0,"program",0,88064,2,1024
477,"PIC24HJ128GP502",5,0,"FBS",16252928,16252952,2,2
478,"PIC24HJ128GP504",3,0,"program",0,88064,2,1024
479,"PIC24HJ128GP504",5,0,"FBS",16252928,16252952,2,2
480,"PIC24HJ128GP506",3,0,"program",0,88064,2,1024
481,"PIC24HJ128GP506",5,0,"FBS",16252928,16252952,2,2
482,"PIC24HJ128GP506A",3,0,"program",0,88064,2,1024
483,"PIC24HJ128GP506A",5,0,"FBS",16252928,16252952,2,2
484,"PIC24HJ128GP510",3,0,"program",0,88064,2,1024
485,"PIC24HJ128GP510",5,0,"FBS",16252928,16252952,2,2
486,"PIC24HJ128GP510A",3,0,"program",0,88064,2,1024
487,"PIC24HJ128GP510A",5,0,"FBS",16252928,16252952,2,2
488,"PIC24HJ12GP201",3,0,"program",0,8192,2,1024
489,"PIC24HJ12GP201",5,0,"FBS",16252928,16252930,2,2
490,"PIC24HJ12GP201",5,0,"FGS",16252932,16252952,2,2
491,"PIC24HJ12GP202",3,0,"program",0,8192,2,1024
492,"PIC24HJ12GP202",5,0,"FBS",16252928,16252930,2,2
493,"PIC24HJ12GP202",5,0,"FGS",16252932,16252952,2,2
494,"PIC24HJ16GP304",3,0,"program",0,11264,2,1024
495,"PIC24HJ16GP304",5,0,"FBS",16252928,16252930,2,2
496,"PIC24HJ16GP304",5,0,"FGS",16252932,16252952,2,2
497,"PIC24HJ256GP206",3,0,"program",0,175104,2,1024
498,"PIC24HJ256GP206",5,0,"FBS",16252928,16252952,2,2
499,"PIC24HJ256GP206A",3,0,"program",0,175104,2,1024
500,"PIC24HJ256GP206A",5,0,"FBS",16252928,16252952,2,2
501,"PIC24HJ256GP210",3,0,"program",0,175104,2,1024
502,"PIC24HJ256GP210",5,0,"FBS",16252928,16252952,2,2
503,"PIC24HJ256GP210A",3,0,"program",0,175104,2,1024
504,"PIC24HJ256GP210A",5,0,"FBS",16252928,16252952,2,2
505,"PIC24HJ256GP610",3,0,"program",0,175104,2,1024
506,"PIC24HJ256GP610",5,0,"FBS",16252928,16252952,2,2
507,"PIC24HJ256GP610A",3,0,"program",0,175104,2,1024
508,"PIC24HJ256GP610A",5,0,"FBS",16252928,16252952,2,2
509,"PIC24HJ32GP202",3,0,"program",0,22528,2,1024
510,"PIC24HJ32GP202",5,0,"FBS",16252928,16252930,2,2
511,"PIC24HJ32GP202",5,0,"FGS",16252932,16252952,2,2
512,"PIC24HJ32GP204",3,0,"program",0,22528,2,1024
513,"PIC24HJ32GP204",5,0,"FBS",16252928,16252930,2,2
514,"PIC24HJ32GP204",5,0,"FGS",16252932,16252952,2,2
515,"PIC24HJ32GP302",3,0,"program",0,22528,2,1024
516,"PIC24HJ32GP302",5,0,"FBS",16252928,16252930,2,2
517,"PIC24HJ32GP302",5,0,"FGS",16252932,16252952,2,2
518,"PIC24HJ32GP304",3,0,"program",0,22528,2,1024
519,"PIC24HJ32GP304",5,0,"FBS",16252928,16252930,2,2
520,"PIC24HJ32GP304",5,0,"FGS",16252932,16252952,2,2
521,"PIC24HJ64GP202",3,0,"program",0,44032,2,1024
522,"PIC24HJ64GP202",5,0,"FBS",16252928,16252952,2,2
523,"PIC24HJ64GP204",3,0,"program",0,44032,2,1024
524,"PIC24HJ64GP204",5,0,"FBS",16252928,16252952,2,2
525,"PIC24HJ64GP206",3,0,"program",0,44032,2,1024
526,"PIC24HJ64GP206",5,0,"FBS",16252928,16252952,2,2
527,"PIC24HJ64GP206A",3,0,"program",0,44032,2,1024
528,"PIC24HJ64GP206A",5,0,"FBS",16252928,16252952,2,2
529,"PIC24HJ64GP210",3,0,"program",0,44032,2,1024
530,"PIC24HJ64GP210",5,0,"FBS",16252928,16252952,2,2
531,"PIC24HJ64GP210A",3,0,"program",0,44032,2,1024
532,"PIC24HJ64GP210A",5,0,"FBS",16252928,16252952,2,2
533,"PIC24HJ64GP502",3,0,"program",0,44032,2,1024
534,"PIC24HJ64GP502",5,0,"FBS",16252928,16252952,2,2
535,"PIC24HJ64GP504",3,0,"program",0,44032,2,1024
536,"PIC24HJ64GP504",5,0,"FBS",16252928,16252952,2,2
537,"PIC24HJ64GP506",3,0,"program",0,44032,2,1024
538,"PIC24HJ64GP506",5,0,"FBS",16252928,16252952,2,2
539,"PIC24HJ64GP506A",3,0,"program",0,44032,2,1024
540,"PIC24HJ64GP506A",5,0,"FBS",16252928,16252952,2,2
541,"PIC24HJ64GP510",3,0,"program",0,44032,2,1024
542,"PIC24HJ64GP510",5,0,"FBS",16252928,16252952,2,2
543,"PIC24HJ64GP510A",3,0,"program",0,44032,2,1024
544,"PIC24HJ64GP510A",5,0,"FBS",16252928,16252952,2,2
545,"PIC32MM0016GPL020",3,0,"code",486539264,486555648,8,2048
546,"PIC32MM0016GPL020",3,0,"bootconfig",532676608,532682752,8,2048
547,"PIC32MM0016GPL028",3,0,"code",486539264,486555648,8,2048
548,"PIC32MM0016GPL028",3,0,"bootconfig",532676608,532682752,8,2048
549,"PIC32MM0016GPL036",3,0,"code",486539264,486555648,8,2048
550,"PIC32MM0016GPL036",3,0,"bootconfig",532676608,532682752,8,2048
551,"PIC32MM0032GPL020",3,0,"code",486539264,486572032,8,2048
552,"PIC32MM0032GPL020",3,0,"bootconfig",532676608,532682752,8,2048
553,"PIC32MM0032GPL028",3,0,"code",486539264,486572032,8,2048
554,"PIC32MM0032GPL028",3,0,"bootconfig",532676608,532682752,8,2048
555,"PIC32MM0032GPL036",3,0,"code",486539264,486572032,8,2048
556,"PIC32MM0032GPL036",3,0,"bootconfig",532676608,532682752,8,2048
557,"PIC32MM0064GPL020",3,0,"code",486539264,486604800,8,2048
558,"PIC32MM0064GPL020",3,0,"bootconfig",532676608,532682752,8,2048
559,"PIC32MM0064GPL028",3,0,"code",486539264,486604800,8,2048
560,"PIC32MM0064GPL028",3,0,"bootconfig",532676608,532682752,8,2048
561,"PIC32MM0064GPL036",3,0,"code",486539264,486604800,8,2048
562,"PIC32MM0064GPL036",3,0,"bootconfig",532676608,532682752,8,2048
563,"PIC32MM0064GPM028",3,0,"code",486539264,486604800,8,2048
564,"PIC32MM0064GPM028",3,0,"bootconfig",532676608,532682752,8,2048
565,"PIC32MM0064GPM036",3,0,"code",486539264,486604800,8,2048
566,"PIC32MM0064GPM036",3,0,"bootconfig",532676608,532682752,8,2048
567,"PIC32MM0064GPM048",3,0,"code",486539264,486604800,8,2048
568,"PIC32MM0064GPM048",3,0,"bootconfig",532676608,532682752,8,2048
569,"PIC32MM0064GPM064",3,0,"code",486539264,486604800,8,2048
570,"PIC32MM0064GPM064",3,0,"bootconfig",532676608,532682752,8,2048
571,"PIC32MM0128GPM028",3,0,"code",486539264,486670336,8,2048
572,"PIC32MM0128GPM028",3,0,"bootconfig",532676608,532682752,8,2048
573,"PIC32MM0128GPM036",3,0,"code",486539264,486670336,8,2048
574,"PIC32MM0128GPM036",3,0,"bootconfig",532676608,532682752,8,2048
575,"PIC32MM0128GPM048",3,0,"code",486539264,486670336,8,2048
576,"PIC32MM0128GPM048",3,0,"bootconfig",532676608,532682752,8,2048
577,"PIC32MM0128GPM064",3,0,"code",486539264,486670336,8,2048
578,"PIC32MM0128GPM064",3,0,"bootconfig",532676608,532682752,8,2048
579,"PIC32MM0256GPM028",3,0,"code",486539264,486801408,8,2048
580,"PIC32MM0256GPM028",3,0,"bootconfig",532676608,532682752,8,2048
581,"PIC32MM0256GPM036",3,0,"code",486539264,486801408,8,2048
582,"PIC32MM0256GPM036",3,0,"bootconfig",532676608,532682752,8,2048
583,"PIC32MM0256GPM048",3,0,"code",486539264,486801408,8,2048
584,"PIC32MM0256GPM048",3,0,"bootconfig",532676608,532682752,8,2048
585,"PIC32MM0256GPM064",3,0,"code",486539264,486801408,8,2048
586,"PIC32MM0256GPM064",3,0,"bootconfig",532676608,532682752,8,2048
587,"dsPIC30F1010",3,0,"program",256,4096,64,64
588,"dsPIC30F1010",5,0,"FBS",16252928,16252930,2,2
589,"dsPIC30F1010",5,0,"FGS",16252932,16252944,2,2
590,"dsPIC30F2010",3,0,"program",256,8192,64,64
592,"dsPIC30F2010",5,0,"FUID0",8390080,8390088,2,2
593,"dsPIC30F2010",5,0,"FOSC",16252928,16252942,2,2
591,"dsPIC30F2010",6,0,"eedata",8387584,8388608,2,64
594,"dsPIC30F2011",3,0,"program",256,8192,64,64
595,"dsPIC30F2011",5,0,"FUID0",8390080,8390088,2,2
596,"dsPIC30F2011",5,0,"FOSC",16252928,16252942,2,2
597,"dsPIC30F2012",3,0,"program",256,8192,64,64
598,"dsPIC30F2012",5,0,"FUID0",8390080,8390088,2,2
599,"dsPIC30F2012",5,0,"FOSC",16252928,16252942,2,2
600,"dsPIC30F2020",3,0,"program",256,8192,64,64
601,"dsPIC30F2020",5,0,"FBS",16252928,16252930,2,2
602,"dsPIC30F2020",5,0,"FGS",16252932,16252944,2,2
603,"dsPIC30F2023",3,0,"program",256,8192,64,64
604,"dsPIC30F2023",5,0,"FBS",16252928,16252930,2,2
605,"dsPIC30F2023",5,0,"FGS",16252932,16252944,2,2
606,"dsPIC30F3010",3,0,"program",256,16384,64,64
608,"dsPIC30F3010",5,0,"FUID0",8390080,8390088,2,2
609,"dsPIC30F3010",5,0,"FOSC",16252928,16252942,2,2
607,"dsPIC30F3010",6,0,"eedata",8387584,8388608,2,64
610,"dsPIC30F3011",3,0,"program",256,16384,64,64
612,"dsPIC30F3011",5,0,"FUID0",8390080,8390088,2,2
613,"dsPIC30F3011",5,0,"FOSC",16252928,16252942,2,2
611,"dsPIC30F3011",6,0,"eedata",8387584,8388608,2,64
614,"dsPIC30F3012",3,0,"program",256,16384,64,64
616,"dsPIC30F3012",5,0,"FUID0",8390080,8390088,2,2
617,"dsPIC30F3012",5,0,"FOSC",16252928,16252942,2,2
615,"dsPIC30F3012",6,0,"eedata",8387584,8388608,2,64
618,"dsPIC30F3013",3,0,"program",256,16384,64,64
620,"dsPIC30F3013",5,0,"FUID0",8390080,8390088,2,2
621,"dsPIC30F3013",5,0,"FOSC",16252928,16252942,2,2
619,"dsPIC30F3013",6,0,"eedata",8387584,8388608,2,64
622,"dsPIC30F3014",3,0,"program",256,16384,64,64
624,"dsPIC30F3014",5,0,"FUID0",8390080,8390088,2,2
625,"dsPIC30F3014",5,0,"FOSC",16252928,16252942,2,2
623,"dsPIC30F3014",6,0,"eedata",8387584,8388608,2,64
626,"dsPIC30F4011",3,0,"program",256,32768,64,64
628,"dsPIC30F4011",5,0,"FUID0",8390080,8390088,2,2
629,"dsPIC30F4011",5,0,"FOSC",16252928,16252942,2,2
627,"dsPIC30F4011",6,0,"eedata",8387584,8388608,2,64
630,"dsPIC30F4012",3,0,"program",256,32768,64,64
632,"dsPIC30F4012",5,0,"FUID0",8390080,8390088,2,2
633,"dsPIC30F4012",5,0,"FOSC",16252928,16252942,2,2
631,"dsPIC30F4012",6,0,"eedata",8387584,8388608,2,64
634,"dsPIC30F4013",3,0,"program",256,32768,64,64
636,"dsPIC30F4013",5,0,"FUID0",8390080,8390088,2,2
637,"dsPIC30F4013",5,0,"FOSC",16252928,16252942,2,2
635,"dsPIC30F4013",6,0,"eedata",8387584,8388608,2,64
638,"dsPIC30F5011",3,0,"program",256,45056,64,64
640,"dsPIC30F5011",5,0,"FUID0",8390080,8390088,2,2
641,"dsPIC30F5011",5,0,"FOSC",16252928,16252942,2,2
639,"dsPIC30F5011",6,0,"eedata",8387584,8388608,2,64
642,"dsPIC30F5013",3,0,"program",256,45056,64,64
644,"dsPIC30F5013",5,0,"FUID0",8390080,8390088,2,2
645,"dsPIC30F5013",5,0,"FOSC",16252928,16252942,2,2
643,"dsPIC30F5013",6,0,"eedata",8387584,8388608,2,64
646,"dsPIC30F5015",3,0,"program",256,45056,64,64
648,"dsPIC30F5015",5,0,"FUID0",8390080,8390088,2,2
649,"dsPIC30F5015",5,0,"FOSC",16252928,16252942,2,2
647,"dsPIC30F5015",6,0,"eedata",8387584,8388608,2,64
650,"dsPIC30F5016",3,0,"program",256,45056,64,64
652,"dsPIC30F5016",5,0,"FUID0",8390080,8390088,2,2
653,"dsPIC30F5016",5,0,"FOSC",16252928,16252942,2,2
651,"dsPIC30F5016",6,0,"eedata",8387584,8388608,2,64
654,"dsPIC30F6010",3,0,"program",256,98304,64,64
656,"dsPIC30F6010",5,0,"FUID0",8390080,8390088,2,2
657,"dsPIC30F6010",5,0,"FOSC",16252928,16252942,2,2
655,"dsPIC30F6010",6,0,"eedata",8384512,8388608,2,64
658,"dsPIC30F6010A",3,0,"program",256,98304,64,64
660,"dsPIC30F6010A",5,0,"FUID0",8390080,8390088,2,2
661,"dsPIC30F6010A",5,0,"FOSC",16252928,16252942,2,2
659,"dsPIC30F6010A",6,0,"eedata",8384512,8388608,2,64
662,"dsPIC30F6011",3,0,"program",256,90112,64,64
664,"dsPIC30F6011",5,0,"FUID0",8390080,8390088,2,2
665,"dsPIC30F6011",5,0,"FOSC",16252928,16252942,2,2
663,"dsPIC30F6011",6,0,"eedata",8386560,8388608,2,64
666,"dsPIC30F6011A",3,0,"program",256,90112,64,64
668,"dsPIC30F6011A",5,0,"FUID0",8390080,8390088,2,2
669,"dsPIC30F6011A",5,0,"FOSC",16252928,16252942,2,2
667,"dsPIC30F6011A",6,0,"eedata",8386560,8388608,2,64
670,"dsPIC30F6012",3,0,"program",256,98304,64,64
672,"dsPIC30F6012",5,0,"FUID0",8390080,8390088,2,2
673,"dsPIC30F6012",5,0,"FOSC",16252928,16252942,2,2
671,"dsPIC30F6012",6,0,"eedata",8384512,8388608,2,64
674,"dsPIC30F6012A",3,0,"program",256,98304,64,64
676,"dsPIC30F6012A",5,0,"FUID0",8390080,8390088,2,2
677,"dsPIC30F6012A",5,0,"FOSC",16252928,16252942,2,2
675,"dsPIC30F6012A",6,0,"eedata",8384512,8388608,2,64
678,"dsPIC30F6013",3,0,"program",256,90112,64,64
680,"dsPIC30F6013",5,0,"FUID0",8390080,8390088,2,2
681,"dsPIC30F6013",5,0,"FOSC",16252928,16252942,2,2
679,"dsPIC30F6013",6,0,"eedata",8386560,8388608,2,64
682,"dsPIC30F6013A",3,0,"program",256,90112,64,64
684,"dsPIC30F6013A",5,0,"FUID0",8390080,8390088,2,2
685,"dsPIC30F6013A",5,0,"FOSC",16252928,16252942,2,2
683,"dsPIC30F6013A",6,0,"eedata",8386560,8388608,2,64
686,"dsPIC30F6014",3,0,"program",256,98304,64,64
688,"dsPIC30F6014",5,0,"FUID0",8390080,8390088,2,2
689,"dsPIC30F6014",5,0,"FOSC",16252928,16252942,2,2
687,"dsPIC30F6014",6,0,"eedata",8384512,8388608,2,64
690,"dsPIC30F6014A",3,0,"program",256,98304,64,64
692,"dsPIC30F6014A",5,0,"FUID0",8390080,8390088,2,2
693,"dsPIC30F6014A",5,0,"FOSC",16252928,16252942,2,2
691,"dsPIC30F6014A",6,0,"eedata",8384512,8388608,2,64
694,"dsPIC30F6015",3,0,"program",256,98304,64,64
696,"dsPIC30F6015",5,0,"FUID0",8390080,8390088,2,2
697,"dsPIC30F6015",5,0,"FOSC",16252928,16252942,2,2
695,"dsPIC30F6015",6,0,"eedata",8384512,8388608,2,64
698,"dsPIC33CH128MP202",3,0,"program",0,90112,4,2048
699,"dsPIC33CH128MP202",7,0,"userid",8394496,8394752,4,2
700,"dsPIC33CH128MP202S1",3,0,"program",0,16384,4,2048
701,"dsPIC33CH128MP203",3,0,"program",0,90112,4,2048
702,"dsPIC33CH128MP203",7,0,"userid",8394496,8394752,4,2
703,"dsPIC33CH128MP203S1",3,0,"program",0,16384,4,2048
704,"dsPIC33CH128MP205",3,0,"program",0,90112,4,2048
705,"dsPIC33CH128MP205",7,0,"userid",8394496,8394752,4,2
706,"dsPIC33CH128MP205S1",3,0,"program",0,16384,4,2048
707,"dsPIC33CH128MP206",3,0,"program",0,90112,4,2048
708,"dsPIC33CH128MP206",7,0,"userid",8394496,8394752,4,2
709,"dsPIC33CH128MP206S1",3,0,"program",0,16384,4,2048
710,"dsPIC33CH128MP208",3,0,"program",0,90112,4,2048
711,"dsPIC33CH128MP208",7,0,"userid",8394496,8394752,4,2
712,"dsPIC33CH128MP208S1",3,0,"program",0,16384,4,2048
713,"dsPIC33CH128MP502",3,0,"program",0,90112,4,2048
714,"dsPIC33CH128MP502",7,0,"userid",8394496,8394752,4,2
715,"dsPIC33CH128MP502S1",3,0,"program",0,16384,4,2048
716,"dsPIC33CH128MP503",3,0,"program",0,90112,4,2048
717,"dsPIC33CH128MP503",7,0,"userid",8394496,8394752,4,2
718,"dsPIC33CH128MP503S1",3,0,"program",0,16384,4,2048
719,"dsPIC33CH128MP505",3,0,"program",0,90112,4,2048
720,"dsPIC33CH128MP505",7,0,"userid",8394496,8394752,4,2
721,"dsPIC33CH128MP505S1",3,0,"program",0,16384,4,2048
722,"dsPIC33CH128MP506",3,0,"program",0,90112,4,2048
723,"dsPIC33CH128MP506",7,0,"userid",8394496,8394752,4,2
724,"dsPIC33CH128MP506S1",3,0,"program",0,16384,4,2048
725,"dsPIC33CH128MP508",3,0,"program",0,90112,4,2048
726,"dsPIC33CH128MP508",7,0,"userid",8394496,8394752,4,2
727,"dsPIC33CH128MP508S1",3,0,"program",0,16384,4,2048
728,"dsPIC33CH256MP205",3,0,"program",0,180224,4,2048
731,"dsPIC33CH256MP205",4,0,"bootcfg",8394752,8394756,4,2048
730,"dsPIC33CH256MP205",7,0,"userid",8394496,8394752,4,2
729,"dsPIC33CH256MP205",3,2,"program",4194304,4284416,4,2048
732,"dsPIC33CH256MP205S1",3,0,"program",0,49152,4,2048
733,"dsPIC33CH256MP206",3,0,"program",0,180224,4,2048
736,"dsPIC33CH256MP206",4,0,"bootcfg",8394752,8394756,4,2048
735,"dsPIC33CH256MP206",7,0,"userid",8394496,8394752,4,2
734,"dsPIC33CH256MP206",3,2,"program",4194304,4284416,4,2048
737,"dsPIC33CH256MP206S1",3,0,"program",0,49152,4,2048
738,"dsPIC33CH256MP208",3,0,"program",0,180224,4,2048
741,"dsPIC33CH256MP208",4,0,"bootcfg",8394752,8394756,4,2048
740,"dsPIC33CH256MP208",7,0,"userid",8394496,8394752,4,2
739,"dsPIC33CH256MP208",3,2,"program",4194304,4284416,4,2048
742,"dsPIC33CH256MP208S1",3,0,"program",0,49152,4,2048
743,"dsPIC33CH256MP505",3,0,"program",0,180224,4,2048
746,"dsPIC33CH256MP505",4,0,"bootcfg",8394752,8394756,4,2048
745,"dsPIC33CH256MP505",7,0,"userid",8394496,8394752,4,2
744,"dsPIC33CH256MP505",3,2,"program",4194304,4284416,4,2048
747,"dsPIC33CH256MP505S1",3,0,"program",0,49152,4,2048
748,"dsPIC33CH256MP506",3,0,"program",0,180224,4,2048
751,"dsPIC33CH256MP506",4,0,"bootcfg",8394752,8394756,4,2048
750,"dsPIC33CH256MP506",7,0,"userid",8394496,8394752,4,2
749,"dsPIC33CH256MP506",3,2,"program",4194304,4284416,4,2048
752,"dsPIC33CH256MP506S1",3,0,"program",0,49152,4,2048
753,"dsPIC33CH256MP508",3,0,"program",0,180224,4,2048
756,"dsPIC33CH256MP508",4,0,"bootcfg",8394752,8394756,4,2048
755,"dsPIC33CH256MP508",7,0,"userid",8394496,8394752,4,2
754,"dsPIC33CH256MP508",3,2,"program",4194304,4284416,4,2048
757,"dsPIC33CH256MP508S1",3,0,"program",0,49152,4,2048
758,"dsPIC33CH512MP205",3,0,"program",0,360448,4,2048
761,"dsPIC33CH512MP205",4,0,"bootcfg",8394752,8394756,4,2048
760,"dsPIC33CH512MP205",7,0,"userid",8394496,8394752,4,2
759,"dsPIC33CH512MP205",3,2,"program",4194304,4374528,4,2048
762,"dsPIC33CH512MP205S1",3,0,"program",0,49152,4,2048
763,"dsPIC33CH512MP206",3,0,"program",0,360448,4,2048
766,"dsPIC33CH512MP206",4,0,"bootcfg",8394752,8394756,4,2048
765,"dsPIC33CH512MP206",7,0,"userid",8394496,8394752,4,2
764,"dsPIC33CH512MP206",3,2,"program",4194304,4374528,4,2048
767,"dsPIC33CH512MP206S1",3,0,"program",0,49152,4,2048
768,"dsPIC33CH512MP208",3,0,"program",0,360448,4,2048
771,"dsPIC33CH512MP208",4,0,"bootcfg",8394752,8394756,4,2048
770,"dsPIC33CH512MP208",7,0,"userid",8394496,8394752,4,2
769,"dsPIC33CH512MP208",3,2,"program",4194304,4374528,4,2048
772,"dsPIC33CH512MP208S1",3,0,"program",0,49152,4,2048
773,"dsPIC33CH512MP505",3,0,"program",0,360448,4,2048
776,"dsPIC33CH512MP505",4,0,"bootcfg",8394752,8394756,4,2048
775,"dsPIC33CH512MP505",7,0,"userid",8394496,8394752,4,2
774,"dsPIC33CH512MP505",3,2,"program",4194304,4374528,4,2048
777,"dsPIC33CH512MP505S1",3,0,"program",0,49152,4,2048
778,"dsPIC33CH512MP506",3,0,"program",0,360448,4,2048
781,"dsPIC33CH512MP506",4,0,"bootcfg",8394752,8394756,4,2048
780,"dsPIC33CH512MP506",7,0,"userid",8394496,8394752,4,2
779,"dsPIC33CH512MP506",3,2,"program",4194304,4374528,4,2048
782,"dsPIC33CH512MP506S1",3,0,"program",0,49152,4,2048
783,"dsPIC33CH512MP508",3,0,"program",0,360448,4,2048
786,"dsPIC33CH512MP508",4,0,"bootcfg",8394752,8394756,4,2048
785,"dsPIC33CH512MP508",7,0,"userid",8394496,8394752,4,2
784,"dsPIC33CH512MP508",3,2,"program",4194304,4374528,4,2048
787,"dsPIC33CH512MP508S1",3,0,"program",0,49152,4,2048
788,"dsPIC33CH64MP202",3,0,"program",0,45056,4,2048
789,"dsPIC33CH64MP202",7,0,"userid",8394496,8394752,4,2
790,"dsPIC33CH64MP202S1",3,0,"program",0,16384,4,2048
791,"dsPIC33CH64MP203",3,0,"program",0,45056,4,2048
792,"dsPIC33CH64MP203",7,0,"userid",8394496,8394752,4,2
793,"dsPIC33CH64MP203S1",3,0,"program",0,16384,4,2048
794,"dsPIC33CH64MP205",3,0,"program",0,45056,4,2048
795,"dsPIC33CH64MP205",7,0,"userid",8394496,8394752,4,2
796,"dsPIC33CH64MP205S1",3,0,"program",0,16384,4,2048
797,"dsPIC33CH64MP206",3,0,"program",0,45056,4,2048
798,"dsPIC33CH64MP206",7,0,"userid",8394496,8394752,4,2
799,"dsPIC33CH64MP206S1",3,0,"program",0,16384,4,2048
800,"dsPIC33CH64MP208",3,0,"program",0,45056,4,2048
801,"dsPIC33CH64MP208",7,0,"userid",8394496,8394752,4,2
802,"dsPIC33CH64MP208S1",3,0,"program",0,16384,4,2048
803,"dsPIC33CH64MP502",3,0,"program",0,45056,4,2048
804,"dsPIC33CH64MP502",7,0,"userid",8394496,8394752,4,2
805,"dsPIC33CH64MP502S1",3,0,"program",0,16384,4,2048
806,"dsPIC33CH64MP503",3,0,"program",0,45056,4,2048
807,"dsPIC33CH64MP503",7,0,"userid",8394496,8394752,4,2
808,"dsPIC33CH64MP503S1",3,0,"program",0,16384,4,2048
809,"dsPIC33CH64MP505",3,0,"program",0,45056,4,2048
810,"dsPIC33CH64MP505",7,0,"userid",8394496,8394752,4,2
811,"dsPIC33CH64MP505S1",3,0,"program",0,16384,4,2048
812,"dsPIC33CH64MP506",3,0,"program",0,45056,4,2048
813,"dsPIC33CH64MP506",7,0,"userid",8394496,8394752,4,2
814,"dsPIC33CH64MP506S1",3,0,"program",0,16384,4,2048
815,"dsPIC33CH64MP508",3,0,"program",0,45056,4,2048
816,"dsPIC33CH64MP508",7,0,"userid",8394496,8394752,4,2
817,"dsPIC33CH64MP508S1",3,0,"program",0,16384,4,2048
818,"dsPIC33CK128MP202",3,0,"program",0,90112,4,2048
821,"dsPIC33CK128MP202",4,0,"bootcfg",8394752,8394756,4,2048
820,"dsPIC33CK128MP202",7,0,"userid",8394496,8394752,4,2
819,"dsPIC33CK128MP202",3,2,"program",4194304,4239360,4,2048
822,"dsPIC33CK128MP203",3,0,"program",0,90112,4,2048
825,"dsPIC33CK128MP203",4,0,"bootcfg",8394752,8394756,4,2048
824,"dsPIC33CK128MP203",7,0,"userid",8394496,8394752,4,2
823,"dsPIC33CK128MP203",3,2,"program",4194304,4239360,4,2048
826,"dsPIC33CK128MP205",3,0,"program",0,90112,4,2048
829,"dsPIC33CK128MP205",4,0,"bootcfg",8394752,8394756,4,2048
828,"dsPIC33CK128MP205",7,0,"userid",8394496,8394752,4,2
827,"dsPIC33CK128MP205",3,2,"program",4194304,4239360,4,2048
830,"dsPIC33CK128MP206",3,0,"program",0,90112,4,2048
833,"dsPIC33CK128MP206",4,0,"bootcfg",8394752,8394756,4,2048
832,"dsPIC33CK128MP206",7,0,"userid",8394496,8394752,4,2
831,"dsPIC33CK128MP206",3,2,"program",4194304,4239360,4,2048
834,"dsPIC33CK128MP208",3,0,"program",0,90112,4,2048
837,"dsPIC33CK128MP208",4,0,"bootcfg",8394752,8394756,4,2048
836,"dsPIC33CK128MP208",7,0,"userid",8394496,8394752,4,2
835,"dsPIC33CK128MP208",3,2,"program",4194304,4239360,4,2048
838,"dsPIC33CK128MP502",3,0,"program",0,90112,4,2048
841,"dsPIC33CK128MP502",4,0,"bootcfg",8394752,8394756,4,2048
840,"dsPIC33CK128MP502",7,0,"userid",8394496,8394752,4,2
839,"dsPIC33CK128MP502",3,2,"program",4194304,4239360,4,2048
842,"dsPIC33CK128MP503",3,0,"program",0,90112,4,2048
845,"dsPIC33CK128MP503",4,0,"bootcfg",8394752,8394756,4,2048
844,"dsPIC33CK128MP503",7,0,"userid",8394496,8394752,4,2
843,"dsPIC33CK128MP503",3,2,"program",4194304,4239360,4,2048
846,"dsPIC33CK128MP505",3,0,"program",0,90112,4,2048
849,"dsPIC33CK128MP505",4,0,"bootcfg",8394752,8394756,4,2048
848,"dsPIC33CK128MP505",7,0,"userid",8394496,8394752,4,2
847,"dsPIC33CK128MP505",3,2,"program",4194304,4239360,4,2048
850,"dsPIC33CK128MP506",3,0,"program",0,90112,4,2048
853,"dsPIC33CK128MP506",4,0,"bootcfg",8394752,8394756,4,2048
852,"dsPIC33CK128MP506",7,0,"userid",8394496,8394752,4,2
851,"dsPIC33CK128MP506",3,2,"program",4194304,4239360,4,2048
854,"dsPIC33CK128MP508",3,0,"program",0,90112,4,2048
857,"dsPIC33CK128MP508",4,0,"bootcfg",8394752,8394756,4,2048
856,"dsPIC33CK128MP508",7,0,"userid",8394496,8394752,4,2
855,"dsPIC33CK128MP508",3,2,"program",4194304,4239360,4,2048
858,"dsPIC33CK256MP202",3,0,"program",0,180224,4,2048
861,"dsPIC33CK256MP202",4,0,"bootcfg",8394752,8394756,4,2048
860,"dsPIC33CK256MP202",7,0,"userid",8394496,8394752,4,2
859,"dsPIC33CK256MP202",3,2,"program",4194304,4284416,4,2048
862,"dsPIC33CK256MP203",3,0,"program",0,180224,4,2048
865,"dsPIC33CK256MP203",4,0,"bootcfg",8394752,8394756,4,2048
864,"dsPIC33CK256MP203",7,0,"userid",8394496,8394752,4,2
863,"dsPIC33CK256MP203",3,2,"program",4194304,4284416,4,2048
866,"dsPIC33CK256MP205",3,0,"program",0,180224,4,2048
869,"dsPIC33CK256MP205",4,0,"bootcfg",8394752,8394756,4,2048
868,"dsPIC33CK256MP205",7,0,"userid",8394496,8394752,4,2
867,"dsPIC33CK256MP205",3,2,"program",4194304,4284416,4,2048
870,"dsPIC33CK256MP206",3,0,"program",0,180224,4,2048
873,"dsPIC33CK256MP206",4,0,"bootcfg",8394752,8394756,4,2048
872,"dsPIC33CK256MP206",7,0,"userid",8394496,8394752,4,2
871,"dsPIC33CK256MP206",3,2,"program",4194304,4284416,4,2048
874,"dsPIC33CK256MP208",3,0,"program",0,180224,4,2048
877,"dsPIC33CK256MP208",4,0,"bootcfg",8394752,8394756,4,2048
876,"dsPIC33CK256MP208",7,0,"userid",8394496,8394752,4,2
875,"dsPIC33CK256MP208",3,2,"program",4194304,4284416,4,2048
878,"dsPIC33CK256MP502",3,0,"program",0,180224,4,2048
881,"dsPIC33CK256MP502",4,0,"bootcfg",8394752,8394756,4,2048
880,"dsPIC33CK256MP502",7,0,"userid",8394496,8394752,4,2
879,"dsPIC33CK256MP502",3,2,"program",4194304,4284416,4,2048
882,"dsPIC33CK256MP503",3,0,"program",0,180224,4,2048
885,"dsPIC33CK256MP503",4,0,"bootcfg",8394752,8394756,4,2048
884,"dsPIC33CK256MP503",7,0,"userid",8394496,8394752,4,2
883,"dsPIC33CK256MP503",3,2,"program",4194304,4284416,4,2048
886,"dsPIC33CK256MP505",3,0,"program",0,180224,4,2048
889,"dsPIC33CK256MP505",4,0,"bootcfg",8394752,8394756,4,2048
888,"dsPIC33CK256MP505",7,0,"userid",8394496,8394752,4,2
887,"dsPIC33CK256MP505",3,2,"program",4194304,4284416,4,2048
890,"dsPIC33CK256MP506",3,0,"program",0,180224,4,2048
893,"dsPIC33CK256MP506",4,0,"bootcfg",8394752,8394756,4,2048
892,"dsPIC33CK256MP506",7,0,"userid",8394496,8394752,4,2
891,"dsPIC33CK256MP506",3,2,"program",4194304,4284416,4,2048
894,"dsPIC33CK256MP508",3,0,"program",0,180224,4,2048
897,"dsPIC33CK256MP508",4,0,"bootcfg",8394752,8394756,4,2048
896,"dsPIC33CK256MP508",7,0,"userid",8394496,8394752,4,2
895,"dsPIC33CK256MP508",3,2,"program",4194304,4284416,4,2048
898,"dsPIC33CK32MP102",3,0,"program",0,22528,4,2048
899,"dsPIC33CK32MP102",7,0,"userid",8394496,8394752,4,2
900,"dsPIC33CK32MP103",3,0,"program",0,22528,4,2048
901,"dsPIC33CK32MP103",7,0,"userid",8394496,8394752,4,2
902,"dsPIC33CK32MP105",3,0,"program",0,22528,4,2048
903,"dsPIC33CK32MP105",7,0,"userid",8394496,8394752,4,2
904,"dsPIC33CK32MP202",3,0,"program",0,24576,4,2048
907,"dsPIC33CK32MP202",4,0,"bootcfg",8394752,8394756,4,2048
906,"dsPIC33CK32MP202",7,0,"userid",8394496,8394752,4,2
905,"dsPIC33CK32MP202",3,2,"program",4194304,4206592,4,2048
908,"dsPIC33CK32MP203",3,0,"program",0,24576,4,2048
911,"dsPIC33CK32MP203",4,0,"bootcfg",8394752,8394756,4,2048
910,"dsPIC33CK32MP203",7,0,"userid",8394496,8394752,4,2
909,"dsPIC33CK32MP203",3,2,"program",4194304,4206592,4,2048
912,"dsPIC33CK32MP205",3,0,"program",0,24576,4,2048
915,"dsPIC33CK32MP205",4,0,"bootcfg",8394752,8394756,4,2048
914,"dsPIC33CK32MP205",7,0,"userid",8394496,8394752,4,2
913,"dsPIC33CK32MP205",3,2,"program",4194304,4206592,4,2048
916,"dsPIC33CK32MP206",3,0,"program",0,24576,4,2048
919,"dsPIC33CK32MP206",4,0,"bootcfg",8394752,8394756,4,2048
918,"dsPIC33CK32MP206",7,0,"userid",8394496,8394752,4,2
917,"dsPIC33CK32MP206",3,2,"program",4194304,4206592,4,2048
920,"dsPIC33CK32MP502",3,0,"program",0,24576,4,2048
923,"dsPIC33CK32MP502",4,0,"bootcfg",8394752,8394756,4,2048
922,"dsPIC33CK32MP502",7,0,"userid",8394496,8394752,4,2
921,"dsPIC33CK32MP502",3,2,"program",4194304,4206592,4,2048
924,"dsPIC33CK32MP503",3,0,"program",0,24576,4,2048
927,"dsPIC33CK32MP503",4,0,"bootcfg",8394752,8394756,4,2048
926,"dsPIC33CK32MP503",7,0,"userid",8394496,8394752,4,2
925,"dsPIC33CK32MP503",3,2,"program",4194304,4206592,4,2048
928,"dsPIC33CK32MP505",3,0,"program",0,24576,4,2048
931,"dsPIC33CK32MP505",4,0,"bootcfg",8394752,8394756,4,2048
930,"dsPIC33CK32MP505",7,0,"userid",8394496,8394752,4,2
929,"dsPIC33CK32MP505",3,2,"program",4194304,4206592,4,2048
932,"dsPIC33CK32MP506",3,0,"program",0,24576,4,2048
935,"dsPIC33CK32MP506",4,0,"bootcfg",8394752,8394756,4,2048
934,"dsPIC33CK32MP506",7,0,"userid",8394496,8394752,4,2
933,"dsPIC33CK32MP506",3,2,"program",4194304,4206592,4,2048
936,"dsPIC33CK64MP102",3,0,"program",0,45056,4,2048
937,"dsPIC33CK64MP102",7,0,"userid",8394496,8394752,4,2
938,"dsPIC33CK64MP103",3,0,"program",0,45056,4,2048
939,"dsPIC33CK64MP103",7,0,"userid",8394496,8394752,4,2
940,"dsPIC33CK64MP105",3,0,"program",0,45056,4,2048
941,"dsPIC33CK64MP105",7,0,"userid",8394496,8394752,4,2
942,"dsPIC33CK64MP202",3,0,"program",0,45056,4,2048
945,"dsPIC33CK64MP202",4,0,"bootcfg",8394752,8394756,4,2048
944,"dsPIC33CK64MP202",7,0,"userid",8394496,8394752,4,2
943,"dsPIC33CK64MP202",3,2,"program",4194304,4216832,4,2048
946,"dsPIC33CK64MP203",3,0,"program",0,45056,4,2048
949,"dsPIC33CK64MP203",4,0,"bootcfg",8394752,8394756,4,2048
948,"dsPIC33CK64MP203",7,0,"userid",8394496,8394752,4,2
947,"dsPIC33CK64MP203",3,2,"program",4194304,4216832,4,2048
950,"dsPIC33CK64MP205",3,0,"program",0,45056,4,2048
953,"dsPIC33CK64MP205",4,0,"bootcfg",8394752,8394756,4,2048
952,"dsPIC33CK64MP205",7,0,"userid",8394496,8394752,4,2
951,"dsPIC33CK64MP205",3,2,"program",4194304,4216832,4,2048
954,"dsPIC33CK64MP206",3,0,"program",0,45056,4,2048
957,"dsPIC33CK64MP206",4,0,"bootcfg",8394752,8394756,4,2048
956,"dsPIC33CK64MP206",7,0,"userid",8394496,8394752,4,2
955,"dsPIC33CK64MP206",3,2,"program",4194304,4216832,4,2048
958,"dsPIC33CK64MP208",3,0,"program",0,45056,4,2048
961,"dsPIC33CK64MP208",4,0,"bootcfg",8394752,8394756,4,2048
960,"dsPIC33CK64MP208",7,0,"userid",8394496,8394752,4,2
959,"dsPIC33CK64MP208",3,2,"program",4194304,4216832,4,2048
962,"dsPIC33CK64MP502",3,0,"program",0,45056,4,2048
965,"dsPIC33CK64MP502",4,0,"bootcfg",8394752,8394756,4,2048
964,"dsPIC33CK64MP502",7,0,"userid",8394496,8394752,4,2
963,"dsPIC33CK64MP502",3,2,"program",4194304,4216832,4,2048
966,"dsPIC33CK64MP503",3,0,"program",0,45056,4,2048
969,"dsPIC33CK64MP503",4,0,"bootcfg",8394752,8394756,4,2048
968,"dsPIC33CK64MP503",7,0,"userid",8394496,8394752,4,2
967,"dsPIC33CK64MP503",3,2,"program",4194304,4216832,4,2048
970,"dsPIC33CK64MP505",3,0,"program",0,45056,4,2048
973,"dsPIC33CK64MP505",4,0,"bootcfg",8394752,8394756,4,2048
972,"dsPIC33CK64MP505",7,0,"userid",8394496,8394752,4,2
971,"dsPIC33CK64MP505",3,2,"program",4194304,4216832,4,2048
974,"dsPIC33CK64MP506",3,0,"program",0,45056,4,2048
977,"dsPIC33CK64MP506",4,0,"bootcfg",8394752,8394756,4,2048
976,"dsPIC33CK64MP506",7,0,"userid",8394496,8394752,4,2
975,"dsPIC33CK64MP506",3,2,"program",4194304,4216832,4,2048
978,"dsPIC33CK64MP508",3,0,"program",0,45056,4,2048
981,"dsPIC33CK64MP508",4,0,"bootcfg",8394752,8394756,4,2048
980,"dsPIC33CK64MP508",7,0,"userid",8394496,8394752,4,2
979,"dsPIC33CK64MP508",3,2,"program",4194304,4216832,4,2048
982,"dsPIC33EDV64MC205",3,0,"program",0,45056,4,2048
983,"dsPIC33EP128GM304",3,0,"program",0,88064,4,1024
984,"dsPIC33EP128GM306",3,0,"program",0,88064,4,1024
985,"dsPIC33EP128GM310",3,0,"program",0,88064,4,1024
986,"dsPIC33EP128GM604",3,0,"program",0,88064,4,1024
987,"dsPIC33EP128GM706",3,0,"program",0,88064,4,1024
988,"dsPIC33EP128GM710",3,0,"program",0,88064,4,1024
989,"dsPIC33EP128GP502",3,0,"program",0,88064,4,2048
990,"dsPIC33EP128GP504",3,0,"program",0,88064,4,2048
991,"dsPIC33EP128GP506",3,0,"program",0,88064,4,2048
992,"dsPIC33EP128GS702",3,0,"program",0,88064,4,1024
995,"dsPIC33EP128GS702",4,0,"bootcfg",8392704,8392708,4,1024
994,"dsPIC33EP128GS702",7,0,"OTP",8392576,8392704,4,0
993,"dsPIC33EP128GS702",3,2,"program",4194304,4238336,4,1024
996,"dsPIC33EP128GS704",3,0,"program",0,88064,4,1024
999,"dsPIC33EP128GS704",4,0,"bootcfg",8392704,8392708,4,1024
998,"dsPIC33EP128GS704",7,0,"OTP",8392576,8392704,4,0
997,"dsPIC33EP128GS704",3,2,"program",4194304,4238336,4,1024
1000,"dsPIC33EP128GS705",3,0,"program",0,88064,4,1024
1003,"dsPIC33EP128GS705",4,0,"bootcfg",8392704,8392708,4,1024
1002,"dsPIC33EP128GS705",7,0,"OTP",8392576,8392704,4,0
1001,"dsPIC33EP128GS705",3,2,"program",4194304,4238336,4,1024
1004,"dsPIC33EP128GS706",3,0,"program",0,88064,4,1024
1007,"dsPIC33EP128GS706",4,0,"bootcfg",8392704,8392708,4,1024
1006,"dsPIC33EP128GS706",7,0,"OTP",8392576,8392704,4,0
1005,"dsPIC33EP128GS706",3,2,"program",4194304,4238336,4,1024
1008,"dsPIC33EP128GS708",3,0,"program",0,88064,4,1024
1011,"dsPIC33EP128GS708",4,0,"bootcfg",8392704,8392708,4,1024
1010,"dsPIC33EP128GS708",7,0,"OTP",8392576,8392704,4,0
1009,"dsPIC33EP128GS708",3,2,"program",4194304,4238336,4,1024
1012,"dsPIC33EP128GS804",3,0,"program",0,88064,4,1024
1015,"dsPIC33EP128GS804",4,0,"bootcfg",8392704,8392708,4,1024
1014,"dsPIC33EP128GS804",7,0,"OTP",8392576,8392704,4,0
1013,"dsPIC33EP128GS804",3,2,"program",4194304,4238336,4,1024
1016,"dsPIC33EP128GS805",3,0,"program",0,88064,4,1024
1019,"dsPIC33EP128GS805",4,0,"bootcfg",8392704,8392708,4,1024
1018,"dsPIC33EP128GS805",7,0,"OTP",8392576,8392704,4,0
1017,"dsPIC33EP128GS805",3,2,"program",4194304,4238336,4,1024
1020,"dsPIC33EP128GS806",3,0,"program",0,88064,4,1024
1023,"dsPIC33EP128GS806",4,0,"bootcfg",8392704,8392708,4,1024
1022,"dsPIC33EP128GS806",7,0,"OTP",8392576,8392704,4,0
1021,"dsPIC33EP128GS806",3,2,"program",4194304,4238336,4,1024
1024,"dsPIC33EP128GS808",3,0,"program",0,88064,4,1024
1027,"dsPIC33EP128GS808",4,0,"bootcfg",8392704,8392708,4,1024
1026,"dsPIC33EP128GS808",7,0,"OTP",8392576,8392704,4,0
1025,"dsPIC33EP128GS808",3,2,"program",4194304,4238336,4,1024
1028,"dsPIC33EP128MC202",3,0,"program",0,88064,4,2048
1029,"dsPIC33EP128MC204",3,0,"program",0,88064,4,2048
1030,"dsPIC33EP128MC206",3,0,"program",0,88064,4,2048
1031,"dsPIC33EP128MC502",3,0,"program",0,88064,4,2048
1032,"dsPIC33EP128MC504",3,0,"program",0,88064,4,2048
1033,"dsPIC33EP128MC506",3,0,"program",0,88064,4,2048
1034,"dsPIC33EP16GS202",3,0,"program",0,11264,4,1024
1035,"dsPIC33EP16GS202",7,0,"userid",8392576,8392704,4,2
1036,"dsPIC33EP16GS502",3,0,"program",0,11264,4,1024
1038,"dsPIC33EP16GS502",4,0,"bootcfg",8392704,8392708,4,1024
1037,"dsPIC33EP16GS502",7,0,"OTP",8392576,8392704,4,0
1039,"dsPIC33EP16GS504",3,0,"program",0,11264,4,1024
1041,"dsPIC33EP16GS504",4,0,"bootcfg",8392704,8392708,4,1024
1040,"dsPIC33EP16GS504",7,0,"OTP",8392576,8392704,4,0
1042,"dsPIC33EP16GS505",3,0,"program",0,11264,4,1024
1044,"dsPIC33EP16GS505",4,0,"bootcfg",8392704,8392708,4,1024
1043,"dsPIC33EP16GS505",7,0,"OTP",8392576,8392704,4,0
1045,"dsPIC33EP16GS506",3,0,"program",0,11264,4,1024
1047,"dsPIC33EP16GS506",4,0,"bootcfg",8392704,8392708,4,1024
1046,"dsPIC33EP16GS506",7,0,"OTP",8392576,8392704,4,0
1048,"dsPIC33EP256GM304",3,0,"program",0,175104,4,1024
1049,"dsPIC33EP256GM306",3,0,"program",0,175104,4,1024
1050,"dsPIC33EP256GM310",3,0,"program",0,175104,4,1024
1051,"dsPIC33EP256GM604",3,0,"program",0,175104,4,1024
1052,"dsPIC33EP256GM706",3,0,"program",0,175104,4,1024
1053,"dsPIC33EP256GM710",3,0,"program",0,175104,4,1024
1054,"dsPIC33EP256GP502",3,0,"program",0,176128,4,2048
1055,"dsPIC33EP256GP504",3,0,"program",0,176128,4,2048
1056,"dsPIC33EP256GP506",3,0,"program",0,176128,4,2048
1057,"dsPIC33EP256MC202",3,0,"program",0,176128,4,2048
1058,"dsPIC33EP256MC204",3,0,"program",0,176128,4,2048
1059,"dsPIC33EP256MC206",3,0,"program",0,176128,4,2048
1060,"dsPIC33EP256MC502",3,0,"program",0,176128,4,2048
1061,"dsPIC33EP256MC504",3,0,"program",0,176128,4,2048
1062,"dsPIC33EP256MC506",3,0,"program",0,176128,4,2048
1063,"dsPIC33EP256MU806",3,0,"program",0,176128,4,2048
1064,"dsPIC33EP256MU806",3,0,"auxflash",8372224,8388608,4,2048
1065,"dsPIC33EP256MU806",5,0,"FGS",16252932,16252948,2,2
1066,"dsPIC33EP256MU810",3,0,"program",0,176128,4,2048
1067,"dsPIC33EP256MU810",3,0,"auxflash",8372224,8388608,4,2048
1068,"dsPIC33EP256MU810",5,0,"FGS",16252932,16252948,2,2
1069,"dsPIC33EP256MU814",3,0,"program",0,176128,4,2048
1070,"dsPIC33EP256MU814",3,0,"auxflash",8372224,8388608,4,2048
1071,"dsPIC33EP256MU814",5,0,"FGS",16252932,16252948,2,2
1072,"dsPIC33EP32GP502",3,0,"program",0,22528,4,1024
1073,"dsPIC33EP32GP503",3,0,"program",0,22528,4,1024
1074,"dsPIC33EP32GP504",3,0,"program",0,22528,4,1024
1075,"dsPIC33EP32GS202",3,0,"program",0,22528,4,1024
1076,"dsPIC33EP32GS202",7,0,"userid",8392576,8392704,4,2
1077,"dsPIC33EP32GS502",3,0,"program",0,22528,4,1024
1079,"dsPIC33EP32GS502",4,0,"bootcfg",8392704,8392708,4,1024
1078,"dsPIC33EP32GS502",7,0,"OTP",8392576,8392704,4,0
1080,"dsPIC33EP32GS504",3,0,"program",0,22528,4,1024
1082,"dsPIC33EP32GS504",4,0,"bootcfg",8392704,8392708,4,1024
1081,"dsPIC33EP32GS504",7,0,"OTP",8392576,8392704,4,0
1083,"dsPIC33EP32GS505",3,0,"program",0,22528,4,1024
1085,"dsPIC33EP32GS505",4,0,"bootcfg",8392704,8392708,4,1024
1084,"dsPIC33EP32GS505",7,0,"OTP",8392576,8392704,4,0
1086,"dsPIC33EP32GS506",3,0,"program",0,22528,4,1024
1088,"dsPIC33EP32GS506",4,0,"bootcfg",8392704,8392708,4,1024
1087,"dsPIC33EP32GS506",7,0,"OTP",8392576,8392704,4,0
1089,"dsPIC33EP32MC202",3,0,"program",0,22528,4,1024
1090,"dsPIC33EP32MC203",3,0,"program",0,22528,4,1024
1091,"dsPIC33EP32MC204",3,0,"program",0,22528,4,1024
1092,"dsPIC33EP32MC502",3,0,"program",0,22528,4,1024
1093,"dsPIC33EP32MC503",3,0,"program",0,22528,4,1024
1094,"dsPIC33EP32MC504",3,0,"program",0,22528,4,1024
1095,"dsPIC33EP512GM304",3,0,"program",0,350208,4,1024
1096,"dsPIC33EP512GM306",3,0,"program",0,350208,4,1024
1097,"dsPIC33EP512GM310",3,0,"program",0,350208,4,1024
1098,"dsPIC33EP512GM604",3,0,"program",0,350208,4,1024
1099,"dsPIC33EP512GM706",3,0,"program",0,350208,4,1024
1100,"dsPIC33EP512GM710",3,0,"program",0,350208,4,1024
1101,"dsPIC33EP512GP502",3,0,"program",0,350208,4,2048
1102,"dsPIC33EP512GP504",3,0,"program",0,350208,4,2048
1103,"dsPIC33EP512GP506",3,0,"program",0,350208,4,2048
1104,"dsPIC33EP512GP806",3,0,"program",0,350208,4,2048
1105,"dsPIC33EP512GP806",3,0,"auxflash",8372224,8388608,4,2048
1106,"dsPIC33EP512GP806",5,0,"FGS",16252932,16252948,2,2
1107,"dsPIC33EP512MC202",3,0,"program",0,350208,4,2048
1108,"dsPIC33EP512MC204",3,0,"program",0,350208,4,2048
1109,"dsPIC33EP512MC206",3,0,"program",0,350208,4,2048
1110,"dsPIC33EP512MC502",3,0,"program",0,350208,4,2048
1111,"dsPIC33EP512MC504",3,0,"program",0,350208,4,2048
1112,"dsPIC33EP512MC506",3,0,"program",0,350208,4,2048
1113,"dsPIC33EP512MC806",3,0,"program",0,350208,4,2048
1114,"dsPIC33EP512MC806",3,0,"auxflash",8372224,8388608,4,2048
1115,"dsPIC33EP512MC806",5,0,"FGS",16252932,16252948,2,2
1116,"dsPIC33EP512MU810",3,0,"program",0,350208,4,2048
1117,"dsPIC33EP512MU810",3,0,"auxflash",8372224,8388608,4,2048
1118,"dsPIC33EP512MU810",5,0,"FGS",16252932,16252948,2,2
1119,"dsPIC33EP512MU814",3,0,"program",0,350208,4,2048
1120,"dsPIC33EP512MU814",3,0,"auxflash",8372224,8388608,4,2048
1121,"dsPIC33EP512MU814",5,0,"FGS",16252932,16252948,2,2
1122,"dsPIC33EP64GP502",3,0,"program",0,45056,4,2048
1123,"dsPIC33EP64GP503",3,0,"program",0,45056,4,2048
1124,"dsPIC33EP64GP504",3,0,"program",0,45056,4,2048
1125,"dsPIC33EP64GP506",3,0,"program",0,45056,4,2048
1126,"dsPIC33EP64GS502",3,0,"program",0,45056,4,1024
1129,"dsPIC33EP64GS502",4,0,"bootcfg",8392704,8392708,4,1024
1128,"dsPIC33EP64GS502",7,0,"OTP",8392576,8392704,4,0
1127,"dsPIC33EP64GS502",3,2,"program",4194304,4216832,4,1024
1130,"dsPIC33EP64GS504",3,0,"program",0,45056,4,1024
1133,"dsPIC33EP64GS504",4,0,"bootcfg",8392704,8392708,4,1024
1132,"dsPIC33EP64GS504",7,0,"OTP",8392576,8392704,4,0
1131,"dsPIC33EP64GS504",3,2,"program",4194304,4216832,4,1024
1134,"dsPIC33EP64GS505",3,0,"program",0,45056,4,1024
1137,"dsPIC33EP64GS505",4,0,"bootcfg",8392704,8392708,4,1024
1136,"dsPIC33EP64GS505",7,0,"OTP",8392576,8392704,4,0
1135,"dsPIC33EP64GS505",3,2,"program",4194304,4216832,4,1024
1138,"dsPIC33EP64GS506",3,0,"program",0,45056,4,1024
1141,"dsPIC33EP64GS506",4,0,"bootcfg",8392704,8392708,4,1024
1140,"dsPIC33EP64GS506",7,0,"OTP",8392576,8392704,4,0
1139,"dsPIC33EP64GS506",3,2,"program",4194304,4216832,4,1024
1142,"dsPIC33EP64GS708",3,0,"program",0,45056,4,1024
1145,"dsPIC33EP64GS708",4,0,"bootcfg",8392704,8392708,4,1024
1144,"dsPIC33EP64GS708",7,0,"OTP",8392576,8392704,4,0
1143,"dsPIC33EP64GS708",3,2,"program",4194304,4216832,4,1024
1146,"dsPIC33EP64GS804",3,0,"program",0,45056,4,1024
1149,"dsPIC33EP64GS804",4,0,"bootcfg",8392704,8392708,4,1024
1148,"dsPIC33EP64GS804",7,0,"OTP",8392576,8392704,4,0
1147,"dsPIC33EP64GS804",3,2,"program",4194304,4216832,4,1024
1150,"dsPIC33EP64GS805",3,0,"program",0,45056,4,1024
1153,"dsPIC33EP64GS805",4,0,"bootcfg",8392704,8392708,4,1024
1152,"dsPIC33EP64GS805",7,0,"OTP",8392576,8392704,4,0
1151,"dsPIC33EP64GS805",3,2,"program",4194304,4216832,4,1024
1154,"dsPIC33EP64GS806",3,0,"program",0,45056,4,1024
1157,"dsPIC33EP64GS806",4,0,"bootcfg",8392704,8392708,4,1024
1156,"dsPIC33EP64GS806",7,0,"OTP",8392576,8392704,4,0
1155,"dsPIC33EP64GS806",3,2,"program",4194304,4216832,4,1024
1158,"dsPIC33EP64GS808",3,0,"program",0,45056,4,1024
1161,"dsPIC33EP64GS808",4,0,"bootcfg",8392704,8392708,4,1024
1160,"dsPIC33EP64GS808",7,0,"OTP",8392576,8392704,4,0
1159,"dsPIC33EP64GS808",3,2,"program",4194304,4216832,4,1024
1162,"dsPIC33EP64MC202",3,0,"program",0,45056,4,2048
1163,"dsPIC33EP64MC203",3,0,"program",0,45056,4,2048
1164,"dsPIC33EP64MC204",3,0,"program",0,45056,4,2048
1165,"dsPIC33EP64MC206",3,0,"program",0,45056,4,2048
1166,"dsPIC33EP64MC502",3,0,"program",0,45056,4,2048
1167,"dsPIC33EP64MC503",3,0,"program",0,45056,4,2048
1168,"dsPIC33EP64MC504",3,0,"program",0,45056,4,2048
1169,"dsPIC33EP64MC506",3,0,"program",0,45056,4,2048
1170,"dsPIC33EV128GM002",3,0,"program",0,88064,4,1024
1171,"dsPIC33EV128GM002",7,0,"userid",8392576,8392704,4,2
1172,"dsPIC33EV128GM003",3,0,"program",0,88064,4,1024
1173,"dsPIC33EV128GM003",7,0,"userid",8392576,8392704,4,2
1174,"dsPIC33EV128GM004",3,0,"program",0,88064,4,1024
1175,"dsPIC33EV128GM004",7,0,"userid",8392576,8392704,4,2
1176,"dsPIC33EV128GM006",3,0,"program",0,88064,4,1024
1177,"dsPIC33EV128GM006",7,0,"userid",8392576,8392704,4,2
1178,"dsPIC33EV128GM102",3,0,"program",0,88064,4,1024
1179,"dsPIC33EV128GM102",7,0,"userid",8392576,8392704,4,2
1180,"dsPIC33EV128GM103",3,0,"program",0,88064,4,1024
1181,"dsPIC33EV128GM103",7,0,"userid",8392576,8392704,4,2
1182,"dsPIC33EV128GM104",3,0,"program",0,88064,4,1024
1183,"dsPIC33EV128GM104",7,0,"userid",8392576,8392704,4,2
1184,"dsPIC33EV128GM106",3,0,"program",0,88064,4,1024
1185,"dsPIC33EV128GM106",7,0,"userid",8392576,8392704,4,2
1186,"dsPIC33EV256GM002",3,0,"program",0,175104,4,1024
1187,"dsPIC33EV256GM002",7,0,"userid",8392576,8392704,4,2
1188,"dsPIC33EV256GM003",3,0,"program",0,175104,4,1024
1189,"dsPIC33EV256GM003",7,0,"userid",8392576,8392704,4,2
1190,"dsPIC33EV256GM004",3,0,"program",0,175104,4,1024
1191,"dsPIC33EV256GM004",7,0,"userid",8392576,8392704,4,2
1192,"dsPIC33EV256GM006",3,0,"program",0,175104,4,1024
1193,"dsPIC33EV256GM006",7,0,"userid",8392576,8392704,4,2
1194,"dsPIC33EV256GM102",3,0,"program",0,175104,4,1024
1195,"dsPIC33EV256GM102",7,0,"userid",8392576,8392704,4,2
1196,"dsPIC33EV256GM103",3,0,"program",0,175104,4,1024
1197,"dsPIC33EV256GM103",7,0,"userid",8392576,8392704,4,2
1198,"dsPIC33EV256GM104",3,0,"program",0,175104,4,1024
1199,"dsPIC33EV256GM104",7,0,"userid",8392576,8392704,4,2
1200,"dsPIC33EV256GM106",3,0,"program",0,175104,4,1024
1201,"dsPIC33EV256GM106",7,0,"userid",8392576,8392704,4,2
1202,"dsPIC33EV32GM002",3,0,"program",0,22528,4,1024
1203,"dsPIC33EV32GM002",7,0,"userid",8392576,8392704,4,2
1204,"dsPIC33EV32GM003",3,0,"program",0,22528,4,1024
1205,"dsPIC33EV32GM003",7,0,"userid",8392576,8392704,4,2
1206,"dsPIC33EV32GM004",3,0,"program",0,22528,4,1024
1207,"dsPIC33EV32GM004",7,0,"userid",8392576,8392704,4,2
1208,"dsPIC33EV32GM006",3,0,"program",0,22528,4,1024
1209,"dsPIC33EV32GM006",7,0,"userid",8392576,8392704,4,2
1210,"dsPIC33EV32GM102",3,0,"program",0,22528,4,1024
1211,"dsPIC33EV32GM102",7,0,"userid",8392576,8392704,4,2
1212,"dsPIC33EV32GM103",3,0,"program",0,22528,4,1024
1213,"dsPIC33EV32GM103",7,0,"userid",8392576,8392704,4,2
1214,"dsPIC33EV32GM104",3,0,"program",0,22528,4,1024
1215,"dsPIC33EV32GM104",7,0,"userid",8392576,8392704,4,2
1216,"dsPIC33EV32GM106",3,0,"program",0,22528,4,1024
1217,"dsPIC33EV32GM106",7,0,"userid",8392576,8392704,4,2
1218,"dsPIC33EV64GM002",3,0,"program",0,44032,4,1024
1219,"dsPIC33EV64GM002",7,0,"userid",8392576,8392704,4,2
1220,"dsPIC33EV64GM003",3,0,"program",0,44032,4,1024
1221,"dsPIC33EV64GM003",7,0,"userid",8392576,8392704,4,2
1222,"dsPIC33EV64GM004",3,0,"program",0,44032,4,1024
1223,"dsPIC33EV64GM004",7,0,"userid",8392576,8392704,4,2
1224,"dsPIC33EV64GM006",3,0,"program",0,44032,4,1024
1225,"dsPIC33EV64GM006",7,0,"userid",8392576,8392704,4,2
1226,"dsPIC33EV64GM102",3,0,"program",0,44032,4,1024
1227,"dsPIC33EV64GM102",7,0,"userid",8392576,8392704,4,2
1228,"dsPIC33EV64GM103",3,0,"program",0,44032,4,1024
1229,"dsPIC33EV64GM103",7,0,"userid",8392576,8392704,4,2
1230,"dsPIC33EV64GM104",3,0,"program",0,44032,4,1024
1231,"dsPIC33EV64GM104",7,0,"userid",8392576,8392704,4,2
1232,"dsPIC33EV64GM106",3,0,"program",0,44032,4,1024
1233,"dsPIC33EV64GM106",7,0,"userid",8392576,8392704,4,2
1234,"dsPIC33FJ06GS001",3,0,"program",0,4096,2,1024
1235,"dsPIC33FJ06GS101",3,0,"program",0,4096,2,1024
1236,"dsPIC33FJ06GS101",5,0,"FBS",16252928,16252930,2,2
1237,"dsPIC33FJ06GS101",5,0,"FGS",16252932,16252948,2,2
1238,"dsPIC33FJ06GS101A",3,0,"program",0,4096,2,1024
1239,"dsPIC33FJ06GS102",3,0,"program",0,4096,2,1024
1240,"dsPIC33FJ06GS102",5,0,"FBS",16252928,16252930,2,2
1241,"dsPIC33FJ06GS102",5,0,"FGS",16252932,16252948,2,2
1242,"dsPIC33FJ06GS102A",3,0,"program",0,4096,2,1024
1243,"dsPIC33FJ06GS202",3,0,"program",0,4096,2,1024
1244,"dsPIC33FJ06GS202",5,0,"FBS",16252928,16252930,2,2
1245,"dsPIC33FJ06GS202",5,0,"FGS",16252932,16252948,2,2
1246,"dsPIC33FJ06GS202A",3,0,"program",0,4096,2,1024
1247,"dsPIC33FJ09GS302",3,0,"program",0,6144,2,1024
1248,"dsPIC33FJ128GP202",3,0,"program",0,88064,2,1024
1249,"dsPIC33FJ128GP202",5,0,"FBS",16252928,16252952,2,2
1250,"dsPIC33FJ128GP204",3,0,"program",0,88064,2,1024
1251,"dsPIC33FJ128GP204",5,0,"FBS",16252928,16252952,2,2
1252,"dsPIC33FJ128GP206",3,0,"program",0,88064,2,1024
1253,"dsPIC33FJ128GP206",5,0,"FBS",16252928,16252952,2,2
1254,"dsPIC33FJ128GP206A",3,0,"program",0,88064,2,1024
1255,"dsPIC33FJ128GP206A",5,0,"FBS",16252928,16252952,2,2
1256,"dsPIC33FJ128GP306",3,0,"program",0,88064,2,1024
1257,"dsPIC33FJ128GP306",5,0,"FBS",16252928,16252952,2,2
1258,"dsPIC33FJ128GP306A",3,0,"program",0,88064,2,1024
1259,"dsPIC33FJ128GP306A",5,0,"FBS",16252928,16252952,2,2
1260,"dsPIC33FJ128GP310",3,0,"program",0,88064,2,1024
1261,"dsPIC33FJ128GP310",5,0,"FBS",16252928,16252952,2,2
1262,"dsPIC33FJ128GP310A",3,0,"program",0,88064,2,1024
1263,"dsPIC33FJ128GP310A",5,0,"FBS",16252928,16252952,2,2
1264,"dsPIC33FJ128GP706",3,0,"program",0,88064,2,1024
1265,"dsPIC33FJ128GP706",5,0,"FBS",16252928,16252952,2,2
1266,"dsPIC33FJ128GP706A",3,0,"program",0,88064,2,1024
1267,"dsPIC33FJ128GP706A",5,0,"FBS",16252928,16252952,2,2
1268,"dsPIC33FJ128GP708",3,0,"program",0,88064,2,1024
1269,"dsPIC33FJ128GP708",5,0,"FBS",16252928,16252952,2,2
1270,"dsPIC33FJ128GP708A",3,0,"program",0,88064,2,1024
1271,"dsPIC33FJ128GP708A",5,0,"FBS",16252928,16252952,2,2
1272,"dsPIC33FJ128GP710",3,0,"program",0,88064,2,1024
1273,"dsPIC33FJ128GP710",5,0,"FBS",16252928,16252952,2,2
1274,"dsPIC33FJ128GP710A",3,0,"program",0,88064,2,1024
1275,"dsPIC33FJ128GP710A",5,0,"FBS",16252928,16252952,2,2
1276,"dsPIC33FJ128GP802",3,0,"program",0,88064,2,1024
1277,"dsPIC33FJ128GP802",5,0,"FBS",16252928,16252952,2,2
1278,"dsPIC33FJ128GP804",3,0,"program",0,88064,2,1024
1279,"dsPIC33FJ128GP804",5,0,"FBS",16252928,16252952,2,2
1280,"dsPIC33FJ128MC202",3,0,"program",0,88064,2,1024
1281,"dsPIC33FJ128MC202",5,0,"FBS",16252928,16252952,2,2
1282,"dsPIC33FJ128MC204",3,0,"program",0,88064,2,1024
1283,"dsPIC33FJ128MC204",5,0,"FBS",16252928,16252952,2,2
1284,"dsPIC33FJ128MC506",3,0,"program",0,88064,2,1024
1285,"dsPIC33FJ128MC506",5,0,"FBS",16252928,16252952,2,2
1286,"dsPIC33FJ128MC506A",3,0,"program",0,88064,2,1024
1287,"dsPIC33FJ128MC506A",5,0,"FBS",16252928,16252952,2,2
1288,"dsPIC33FJ128MC510",3,0,"program",0,88064,2,1024
1289,"dsPIC33FJ128MC510",5,0,"FBS",16252928,16252952,2,2
1290,"dsPIC33FJ128MC510A",3,0,"program",0,88064,2,1024
1291,"dsPIC33FJ128MC510A",5,0,"FBS",16252928,16252952,2,2
1292,"dsPIC33FJ128MC706",3,0,"program",0,88064,2,1024
1293,"dsPIC33FJ128MC706",5,0,"FBS",16252928,16252952,2,2
1294,"dsPIC33FJ128MC706A",3,0,"program",0,88064,2,1024
1295,"dsPIC33FJ128MC706A",5,0,"FBS",16252928,16252952,2,2
1296,"dsPIC33FJ128MC708",3,0,"program",0,88064,2,1024
1297,"dsPIC33FJ128MC708",5,0,"FBS",16252928,16252952,2,2
1298,"dsPIC33FJ128MC708A",3,0,"program",0,88064,2,1024
1299,"dsPIC33FJ128MC708A",5,0,"FBS",16252928,16252952,2,2
1300,"dsPIC33FJ128MC710",3,0,"program",0,88064,2,1024
1301,"dsPIC33FJ128MC710",5,0,"FBS",16252928,16252952,2,2
1302,"dsPIC33FJ128MC710A",3,0,"program",0,88064,2,1024
1303,"dsPIC33FJ128MC710A",5,0,"FBS",16252928,16252952,2,2
1304,"dsPIC33FJ128MC802",3,0,"program",0,88064,2,1024
1305,"dsPIC33FJ128MC802",5,0,"FBS",16252928,16252952,2,2
1306,"dsPIC33FJ128MC804",3,0,"program",0,88064,2,1024
1307,"dsPIC33FJ128MC804",5,0,"FBS",16252928,16252952,2,2
1308,"dsPIC33FJ12GP201",3,0,"program",0,8192,2,1024
1309,"dsPIC33FJ12GP201",5,0,"FBS",16252928,16252930,2,2
1310,"dsPIC33FJ12GP201",5,0,"FGS",16252932,16252952,2,2
1311,"dsPIC33FJ12GP202",3,0,"program",0,8192,2,1024
1312,"dsPIC33FJ12GP202",5,0,"FBS",16252928,16252930,2,2
1313,"dsPIC33FJ12GP202",5,0,"FGS",16252932,16252952,2,2
1314,"dsPIC33FJ12MC201",3,0,"program",0,8192,2,1024
1315,"dsPIC33FJ12MC201",5,0,"FBS",16252928,16252930,2,2
1316,"dsPIC33FJ12MC201",5,0,"FGS",16252932,16252952,2,2
1317,"dsPIC33FJ12MC202",3,0,"program",0,8192,2,1024
1318,"dsPIC33FJ12MC202",5,0,"FBS",16252928,16252930,2,2
1319,"dsPIC33FJ12MC202",5,0,"FGS",16252932,16252952,2,2
1320,"dsPIC33FJ16GP101",3,0,"program",0,11264,2,1024
1321,"dsPIC33FJ16GP102",3,0,"program",0,11264,2,1024
1322,"dsPIC33FJ16GP304",3,0,"program",0,11264,2,1024
1323,"dsPIC33FJ16GP304",5,0,"FBS",16252928,16252930,2,2
1324,"dsPIC33FJ16GP304",5,0,"FGS",16252932,16252952,2,2
1325,"dsPIC33FJ16GS402",3,0,"program",0,11264,2,1024
1326,"dsPIC33FJ16GS402",5,0,"FBS",16252928,16252930,2,2
1327,"dsPIC33FJ16GS402",5,0,"FGS",16252932,16252948,2,2
1328,"dsPIC33FJ16GS404",3,0,"program",0,11264,2,1024
1329,"dsPIC33FJ16GS404",5,0,"FBS",16252928,16252930,2,2
1330,"dsPIC33FJ16GS404",5,0,"FGS",16252932,16252948,2,2
1331,"dsPIC33FJ16GS502",3,0,"program",0,11264,2,1024
1332,"dsPIC33FJ16GS502",5,0,"FBS",16252928,16252930,2,2
1333,"dsPIC33FJ16GS502",5,0,"FGS",16252932,16252948,2,2
1334,"dsPIC33FJ16GS504",3,0,"program",0,11264,2,1024
1335,"dsPIC33FJ16GS504",5,0,"FBS",16252928,16252930,2,2
1336,"dsPIC33FJ16GS504",5,0,"FGS",16252932,16252948,2,2
1337,"dsPIC33FJ16MC101",3,0,"program",0,11264,2,1024
1338,"dsPIC33FJ16MC102",3,0,"program",0,11264,2,1024
1339,"dsPIC33FJ16MC304",3,0,"program",0,11264,2,1024
1340,"dsPIC33FJ16MC304",5,0,"FBS",16252928,16252930,2,2
1341,"dsPIC33FJ16MC304",5,0,"FGS",16252932,16252952,2,2
1342,"dsPIC33FJ256GP506",3,0,"program",0,175104,2,1024
1343,"dsPIC33FJ256GP506",5,0,"FBS",16252928,16252952,2,2
1344,"dsPIC33FJ256GP506A",3,0,"program",0,175104,2,1024
1345,"dsPIC33FJ256GP506A",5,0,"FBS",16252928,16252952,2,2
1346,"dsPIC33FJ256GP510",3,0,"program",0,175104,2,1024
1347,"dsPIC33FJ256GP510",5,0,"FBS",16252928,16252952,2,2
1348,"dsPIC33FJ256GP510A",3,0,"program",0,175104,2,1024
1349,"dsPIC33FJ256GP510A",5,0,"FBS",16252928,16252952,2,2
1350,"dsPIC33FJ256GP710",3,0,"program",0,175104,2,1024
1351,"dsPIC33FJ256GP710",5,0,"FBS",16252928,16252952,2,2
1352,"dsPIC33FJ256GP710A",3,0,"program",0,175104,2,1024
1353,"dsPIC33FJ256GP710A",5,0,"FBS",16252928,16252952,2,2
1354,"dsPIC33FJ256MC510",3,0,"program",0,175104,2,1024
1355,"dsPIC33FJ256MC510",5,0,"FBS",16252928,16252952,2,2
1356,"dsPIC33FJ256MC510A",3,0,"program",0,175104,2,1024
1357,"dsPIC33FJ256MC510A",5,0,"FBS",16252928,16252952,2,2
1358,"dsPIC33FJ256MC710",3,0,"program",0,175104,2,1024
1359,"dsPIC33FJ256MC710",5,0,"FBS",16252928,16252952,2,2
1360,"dsPIC33FJ256MC710A",3,0,"program",0,175104,2,1024
1361,"dsPIC33FJ256MC710A",5,0,"FBS",16252928,16252952,2,2
1362,"dsPIC33FJ32GP101",3,0,"program",0,22528,2,1024
1363,"dsPIC33FJ32GP102",3,0,"program",0,22528,2,1024
1364,"dsPIC33FJ32GP104",3,0,"program",0,22528,2,1024
1365,"dsPIC33FJ32GP202",3,0,"program",0,22528,2,1024
1366,"dsPIC33FJ32GP202",5,0,"FBS",16252928,16252930,2,2
1367,"dsPIC33FJ32GP202",5,0,"FGS",16252932,16252952,2,2
1368,"dsPIC33FJ32GP204",3,0,"program",0,22528,2,1024
1369,"dsPIC33FJ32GP204",5,0,"FBS",16252928,16252930,2,2
1370,"dsPIC33FJ32GP204",5,0,"FGS",16252932,16252952,2,2
1371,"dsPIC33FJ32GP302",3,0,"program",0,22528,2,1024
1372,"dsPIC33FJ32GP302",5,0,"FBS",16252928,16252930,2,2
1373,"dsPIC33FJ32GP302",5,0,"FGS",16252932,16252952,2,2
1374,"dsPIC33FJ32GP304",3,0,"program",0,22528,2,1024
1375,"dsPIC33FJ32GP304",5,0,"FBS",16252928,16252930,2,2
1376,"dsPIC33FJ32GP304",5,0,"FGS",16252932,16252952,2,2
1377,"dsPIC33FJ32GS406",3,0,"program",0,22528,2,1024
1378,"dsPIC33FJ32GS406",5,0,"FBS",16252928,16252930,2,2
1379,"dsPIC33FJ32GS406",5,0,"FGS",16252932,16252944,2,2
1380,"dsPIC33FJ32GS606",3,0,"program",0,22528,2,1024
1381,"dsPIC33FJ32GS606",5,0,"FBS",16252928,16252930,2,2
1382,"dsPIC33FJ32GS606",5,0,"FGS",16252932,16252946,2,2
1383,"dsPIC33FJ32GS608",3,0,"program",0,22528,2,1024
1384,"dsPIC33FJ32GS608",5,0,"FBS",16252928,16252930,2,2
1385,"dsPIC33FJ32GS608",5,0,"FGS",16252932,16252946,2,2
1386,"dsPIC33FJ32GS610",3,0,"program",0,22528,2,1024
1387,"dsPIC33FJ32GS610",5,0,"FBS",16252928,16252930,2,2
1388,"dsPIC33FJ32GS610",5,0,"FGS",16252932,16252946,2,2
1389,"dsPIC33FJ32MC101",3,0,"program",0,22528,2,1024
1390,"dsPIC33FJ32MC102",3,0,"program",0,22528,2,1024
1391,"dsPIC33FJ32MC104",3,0,"program",0,22528,2,1024
1392,"dsPIC33FJ32MC202",3,0,"program",0,22528,2,1024
1393,"dsPIC33FJ32MC202",5,0,"FBS",16252928,16252930,2,2
1394,"dsPIC33FJ32MC202",5,0,"FGS",16252932,16252952,2,2
1395,"dsPIC33FJ32MC204",3,0,"program",0,22528,2,1024
1396,"dsPIC33FJ32MC204",5,0,"FBS",16252928,16252930,2,2
1397,"dsPIC33FJ32MC204",5,0,"FGS",16252932,16252952,2,2
1398,"dsPIC33FJ32MC302",3,0,"program",0,22528,2,1024
1399,"dsPIC33FJ32MC302",5,0,"FBS",16252928,16252930,2,2
1400,"dsPIC33FJ32MC302",5,0,"FGS",16252932,16252952,2,2
1401,"dsPIC33FJ32MC304",3,0,"program",0,22528,2,1024
1402,"dsPIC33FJ32MC304",5,0,"FBS",16252928,16252930,2,2
1403,"dsPIC33FJ32MC304",5,0,"FGS",16252932,16252952,2,2
1404,"dsPIC33FJ64GP202",3,0,"program",0,44032,2,1024
1405,"dsPIC33FJ64GP202",5,0,"FBS",16252928,16252952,2,2
1406,"dsPIC33FJ64GP204",3,0,"program",0,44032,2,1024
1407,"dsPIC33FJ64GP204",5,0,"FBS",16252928,16252952,2,2
1408,"dsPIC33FJ64GP206",3,0,"program",0,44032,2,1024
1409,"dsPIC33FJ64GP206",5,0,"FBS",16252928,16252952,2,2
1410,"dsPIC33FJ64GP206A",3,0,"program",0,44032,2,1024
1411,"dsPIC33FJ64GP206A",5,0,"FBS",16252928,16252952,2,2
1412,"dsPIC33FJ64GP306",3,0,"program",0,44032,2,1024
1413,"dsPIC33FJ64GP306",5,0,"FBS",16252928,16252952,2,2
1414,"dsPIC33FJ64GP306A",3,0,"program",0,44032,2,1024
1415,"dsPIC33FJ64GP306A",5,0,"FBS",16252928,16252952,2,2
1416,"dsPIC33FJ64GP310",3,0,"program",0,44032,2,1024
1417,"dsPIC33FJ64GP310",5,0,"FBS",16252928,16252952,2,2
1418,"dsPIC33FJ64GP310A",3,0,"program",0,44032,2,1024
1419,"dsPIC33FJ64GP310A",5,0,"FBS",16252928,16252952,2,2
1420,"dsPIC33FJ64GP706",3,0,"program",0,44032,2,1024
1421,"dsPIC33FJ64GP706",5,0,"FBS",16252928,16252952,2,2
1422,"dsPIC33FJ64GP706A",3,0,"program",0,44032,2,1024
1423,"dsPIC33FJ64GP706A",5,0,"FBS",16252928,16252952,2,2
1424,"dsPIC33FJ64GP708",3,0,"program",0,44032,2,1024
1425,"dsPIC33FJ64GP708",5,0,"FBS",16252928,16252952,2,2
1426,"dsPIC33FJ64GP708A",3,0,"program",0,44032,2,1024
1427,"dsPIC33FJ64GP708A",5,0,"FBS",16252928,16252952,2,2
1428,"dsPIC33FJ64GP710",3,0,"program",0,44032,2,1024
1429,"dsPIC33FJ64GP710",5,0,"FBS",16252928,16252952,2,2
1430,"dsPIC33FJ64GP710A",3,0,"program",0,44032,2,1024
1431,"dsPIC33FJ64GP710A",5,0,"FBS",16252928,16252952,2,2
1432,"dsPIC33FJ64GP802",3,0,"program",0,44032,2,1024
1433,"dsPIC33FJ64GP802",5,0,"FBS",16252928,16252952,2,2
1434,"dsPIC33FJ64GP804",3,0,"program",0,44032,2,1024
1435,"dsPIC33FJ64GP804",5,0,"FBS",16252928,16252952,2,2
1436,"dsPIC33FJ64GS406",3,0,"program",0,44032,2,1024
1437,"dsPIC33FJ64GS406",5,0,"FBS",16252928,16252930,2,2
1438,"dsPIC33FJ64GS406",5,0,"FGS",16252932,16252944,2,2
1439,"dsPIC33FJ64GS606",3,0,"program",0,44032,2,1024
1440,"dsPIC33FJ64GS606",5,0,"FBS",16252928,16252930,2,2
1441,"dsPIC33FJ64GS606",5,0,"FGS",16252932,16252946,2,2
1442,"dsPIC33FJ64GS608",3,0,"program",0,44032,2,1024
1443,"dsPIC33FJ64GS608",5,0,"FBS",16252928,16252930,2,2
1444,"dsPIC33FJ64GS608",5,0,"FGS",16252932,16252946,2,2
1445,"dsPIC33FJ64GS610",3,0,"program",0,44032,2,1024
1446,"dsPIC33FJ64GS610",5,0,"FBS",16252928,16252930,2,2
1447,"dsPIC33FJ64GS610",5,0,"FGS",16252932,16252946,2,2
1448,"dsPIC33FJ64MC202",3,0,"program",0,44032,2,1024
1449,"dsPIC33FJ64MC202",5,0,"FBS",16252928,16252952,2,2
1450,"dsPIC33FJ64MC204",3,0,"program",0,44032,2,1024
1451,"dsPIC33FJ64MC204",5,0,"FBS",16252928,16252952,2,2
1452,"dsPIC33FJ64MC506",3,0,"program",0,44032,2,1024
1453,"dsPIC33FJ64MC506",5,0,"FBS",16252928,16252952,2,2
1454,"dsPIC33FJ64MC506A",3,0,"program",0,44032,2,1024
1455,"dsPIC33FJ64MC506A",5,0,"FBS",16252928,16252952,2,2
1456,"dsPIC33FJ64MC508",3,0,"program",0,44032,2,1024
1457,"dsPIC33FJ64MC508",5,0,"FBS",16252928,16252952,2,2
1458,"dsPIC33FJ64MC508A",3,0,"program",0,44032,2,1024
1459,"dsPIC33FJ64MC508A",5,0,"FBS",16252928,16252952,2,2
1460,"dsPIC33FJ64MC510",3,0,"program",0,44032,2,1024
1461,"dsPIC33FJ64MC510",5,0,"FBS",16252928,16252952,2,2
1462,"dsPIC33FJ64MC510A",3,0,"program",0,44032,2,1024
1463,"dsPIC33FJ64MC510A",5,0,"FBS",16252928,16252952,2,2
1464,"dsPIC33FJ64MC706",3,0,"program",0,44032,2,1024
1465,"dsPIC33FJ64MC706",5,0,"FBS",16252928,16252952,2,2
1466,"dsPIC33FJ64MC706A",3,0,"program",0,44032,2,1024
1467,"dsPIC33FJ64MC706A",5,0,"FBS",16252928,16252952,2,2
1468,"dsPIC33FJ64MC710",3,0,"program",0,44032,2,1024
1469,"dsPIC33FJ64MC710",5,0,"FBS",16252928,16252952,2,2
1470,"dsPIC33FJ64MC710A",3,0,"program",0,44032,2,1024
1471,"dsPIC33FJ64MC710A",5,0,"FBS",16252928,16252952,2,2
1472,"dsPIC33FJ64MC802",3,0,"program",0,44032,2,1024
1473,"dsPIC33FJ64MC802",5,0,"FBS",16252928,16252952,2,2
1474,"dsPIC33FJ64MC804",3,0,"program",0,44032,2,1024
1475,"dsPIC33FJ64MC804",5,0,"FBS",16252928,16252952,2,2